0.0,3.4171079517684895,3.521033376205789,2.537131678456594,2.6106035241157572,3.373489356913183,2.2269041189710594,2.8135222958199364,3.114286585209005,1.8143172540192922,0.4794070900321547,0.8582560128617372,0.778795803858521,1.0952625498392272,1.3528806752411584,3.4702544372990367,0.5731039517684883,2.3326661350482305,0.35146499035369805,1.640154003215433,1.112267244372992,0.970533321543409,1.1171216784565916,1.1118186623794208,1.823260649517684,0.776857356913183,0.5675756109324761,2.0272503890675257,0.5636547427652739,1.5628380128617365,1.3649329742765288,4.08542879742765,2.3917134855305457,1.402124871382638,1.097162807073955,2.8407523247588418,1.940634344051446,2.141993212218649,1.4758263022508058,1.1369166012861731,1.9621493054662382,1.2638644855305472,1.3385542186495176,1.6201857395498396,0.953480157556271,1.7510022090032147,1.0477054212218653,0.40759620900321536,3.0146658906752406,2.518929485530549,1.3806184372990356,1.3977896141479107,1.117710446945338,1.7067380578778135,1.6691114405144696,1.9123983504823148,1.1223891832797437,2.0896470321543408,0.7517089485530543,6.481350482315302e-05,-0.02088277170418008,-0.012977639871382642,-0.03285798713826365,0.07684986173633444,0.19934399678456588,0.6599467106109327,0.3844064790996786,0.03433482636655949,0.29460020578778123,1.41222089710611,1.1425151414790997,0.2337725884244374,0.23404534726688106,0.17520256913183277,0.24575853697749186,0.6913064083601291,0.2782211189710613,0.6709056463022511,0.14241549196141476,1.2350280610932465,0.2626194437299037,0.5431517813504828,0.1504183697749195,0.07636649839228293,0.14244649517684876,0.3815946430868169,0.8372254244372985,0.5348243054662384,1.8824326141479097,0.1776037781350481,0.8771922861736328,0.6210026720257232,0.5740700385852084,0.1199288263665596,0.10055640836012864,0.32418768167202555,0.5857801864951768,0.18582271704180076,1.2267990675241152,1.0790846302250803
3.4171079517684895,0.0,4.131892530546623,4.226842623794211,4.209260987138263,3.0957302443729895,2.950055710610932,3.7656160128617353,3.087990800643086,1.9821440932475882,0.3306078681672023,1.015940655948554,0.9114907459807075,0.8088805241157548,0.5062597909967845,4.047022954983921,0.41532214790996813,2.463423466237942,0.21121590353697756,1.3310751446945341,0.8944518038585205,1.280041012861736,1.216813183279743,1.1512978842443722,2.749390115755626,1.3435706302250798,0.8808798231511252,0.9231483215434082,0.048970472668810265,0.7451968745980705,2.2561974115755614,3.4571974115755637,3.136342697749195,1.4367194565916404,1.394040836012861,2.1273004180064286,1.1594692250803853,3.1862253183279736,2.2058089389067526,1.5683058167202566,2.22279081028939,2.4742952765273323,2.1753339131832776,1.4577029646302244,1.8799335209003225,1.4603527974276522,1.3029234244373,0.48800801929260473,2.178747630225081,1.4058659581993562,1.5706823440514464,1.7036231832797422,1.62621703215434,2.2219606623794257,1.9643996141479099,2.2012610707395495,1.6329150707395503,2.5391191672025735,0.7971412218649521,-0.03411331189710611,-0.058817138263665615,-0.049081077170418014,-0.0705878392282958,-0.031130665594855295,0.14794017363344064,0.21048606752411594,0.8295437234726682,-0.03672167202572346,0.44214310610932456,1.7766454662379414,1.1761481446945337,0.06022685852090033,0.1776789421221864,0.22733041800643095,0.22118398070739537,0.9394837202572346,0.0746847009646302,0.33445741157556297,0.35109628295819933,1.582219572347266,0.3198179807073954,0.8512304726688095,0.49762844694533737,0.06772624758842445,0.06325860128617361,0.15669729581993577,0.679919009646302,0.260971295819936,2.168809639871383,0.31201140514469455,1.2454899967845647,0.9315256045016086,0.8230340836012866,0.40575724758842435,0.16713951125401943,0.6307268842443731,0.395688073954984,0.02895943408360126,1.5257185273311897,1.2239991639871388
3.521033376205789,4.131892530546623,0.0,2.805419479099677,3.8180067299035354,4.172592273311897,2.0023045401929283,2.9176533022508058,3.558256617363341,1.3443932540192938,0.041340736334405125,0.34532927652733153,0.30681736012861743,0.25799926688102887,0.07651665594855307,3.104752125401929,0.02766141479099677,1.8803574405144683,-0.016545051446945343,0.8189951511254019,0.322786588424437,0.6251970803858524,0.5513035401929262,0.5199238938906754,1.9583786173633448,0.6267164919614155,0.31200847266880993,0.6154857652733121,-0.024172070739549845,0.3871470064308682,1.716849591639871,3.2446848392282943,2.5428469871382617,0.8187566302250807,0.7567667202572339,2.0856692282958194,0.8200192797427656,2.5173751993569122,1.4513551961414788,0.8754503569131841,1.5450923054662373,1.8370949710610938,1.5079402861736322,0.9373671704180068,1.2503221639871387,0.8354536077170418,0.6583230353697744,0.0914898585209003,2.7243942700964627,1.4558885112540199,1.5297918488745972,1.613081311897106,1.1408992636655944,1.9658349003215447,1.99248025080386,2.1581429421221863,1.247337231511254,2.3299924372990346,0.289374038585209,-0.022222257234726695,-0.030447209003215434,-0.02014953376205788,-0.030207250803858523,-0.024450138263665593,-0.04354720900321543,-0.02366771061093248,0.3087684340836014,-0.049804289389067516,0.09036634726688111,1.2457290482315124,0.6120270610932476,-0.07205550803858525,-0.06626920257234734,-0.012616019292604504,-0.022695459807073954,0.4298067781350483,-0.04358715112540196,0.010443141479099666,0.08914993247588426,1.2700515080385861,0.024197019292604514,0.35041709003215504,0.13006932797427662,-0.051783109324758846,-0.042903723472668805,-0.06852778778135052,0.296566115755627,-0.003241340836012861,1.6744599067524115,0.018050292604501608,0.7874771093247588,0.4004198713826364,0.342613530546624,0.09308292604501614,-0.027809781350482322,0.1844461414790996,0.048717064308681675,-0.05756560771704181,1.2388602411575556,0.6865460321543413
2.537131678456594,4.226842623794211,2.805419479099677,0.0,4.185866488745982,2.47152736012862,3.5632961864951755,4.569397115755623,3.2022591221864936,2.2420845305466224,0.49101997106109296,1.0243502379421228,0.871812485530547,0.779306035369775,0.5360912958199355,3.7771233729903537,0.3729611832797427,2.562029273311896,0.20163563987138267,1.4087315337620572,0.9645206527331195,1.2285486109324755,1.1546108360128617,1.2477452861736347,2.8747667652733147,1.2867786559485523,0.7856168874598068,0.8300780803858522,0.09212876848874597,0.7723670128617365,1.9291682057877804,2.9864897041800638,2.9628999710610935,1.4856601543408354,1.3478579163987128,2.35159825080386,1.2786911125401916,3.1796428778135057,2.3857364790996796,1.6785503344051442,2.2146653569131836,2.2637038263665583,2.0432910771704162,1.1973358424437301,1.6614050739549833,1.3934130160771705,1.255288012861737,0.43223718971061115,2.2749280803858527,1.5505603054662376,1.7635572411575564,1.9547084180064318,2.087157517684888,2.683252884244374,2.2272831768488763,2.5308583697749176,2.127009861736332,3.003188688102894,1.137894482315113,-0.013311183279742764,-0.030412450160771695,-0.005042954983922831,-0.02338900321543409,-0.013174964630225085,0.20855245016077162,0.3335282990353698,1.2119800739549844,-0.0033078038585208974,0.5842896270096466,2.1814188392282956,1.2960395659164,0.13034698070739553,0.25341771704180094,0.49540115112540206,0.35624826688102884,1.3110058199356922,0.09870580385852094,0.4213417041800642,0.3327927138263663,1.8752271672025727,0.42437542122186483,1.1736924758842444,0.3566660128617361,0.048536932475884205,0.0482679067524116,0.22516450160771706,0.9184242958199357,0.26477167524115747,2.5644124533762085,0.5088859196141478,1.6809401479099686,1.3418627266881034,1.2257891768488738,0.6965345401929267,0.21103665273311914,0.4115338649517687,0.36061121864951756,0.06273794212218645,1.9630507427652721,1.551601241157557
2.6106035241157572,4.209260987138263,3.8180067299035354,4.185866488745982,0.0,3.6744734951768447,2.152240376205786,4.235413697749193,4.227055652733122,2.0342192572347253,0.33678170418006487,0.9070382347266888,0.7096257202572352,0.5639928938906758,0.39141709967845645,2.957604315112542,0.30808823794212237,2.0735206270096462,0.0865387588424437,1.2798988295819949,0.7555592443729906,1.1198140225080375,0.9269632379421217,1.10746564630225,2.7899388713826356,1.3060930643086806,0.751674926045016,0.8699135048231512,0.02784642765273313,0.5440982958199361,2.1215060964630217,3.0724913504823155,2.9440884823151117,1.2595037684887451,1.2421584180064307,2.1397884180064337,1.2043771672025725,3.1470232733118975,2.2108783086816697,1.525115430868168,1.931986356913183,2.396659800643088,2.1169730675241176,1.358097832797427,1.8019605209003204,1.4255666720257238,0.9903769903536983,0.24661746302250825,2.6633669871382626,1.5094412443729894,1.9973558392282942,2.1844895434083593,2.110352466237944,2.8424486784565923,2.553024366559484,2.7890889228295848,2.205397463022509,3.189808858520901,1.1046187781350465,-0.0038387266881028934,-0.005287604501607712,-0.04335219614147909,-0.02072190996784566,-0.003682887459807071,0.2018748874598071,0.2104066205787781,1.2155616623794205,0.006709295819935689,0.6204101157556269,2.1639273633440523,1.2628559389067515,0.05668568167202572,0.16138310932475877,0.5002671864951772,0.3179036141479099,1.2696547684887465,0.09625051768488746,0.27858761736334403,0.41876162379421217,1.9388040996784532,0.4620990225080386,1.1808568553054672,0.47669705787781336,0.08229202572347272,0.08537954019292605,0.108352652733119,0.8841730353697748,0.24164252733118946,2.5702819903536978,0.5490074951768491,1.6670277459807086,1.317176035369774,1.2056740160771695,0.7049035209003222,0.23077240514469435,0.5838112475884237,0.3750892668810291,0.0054204823151125375,2.089807630225081,1.5258456302250807
3.373489356913183,3.0957302443729895,4.172592273311897,2.47152736012862,3.6744734951768447,0.0,1.6095514951768497,3.1031391254019303,4.503389649517687,1.7294005691318335,0.2536107009646301,0.555924102893891,0.2750973536977492,0.25058227009646306,0.7581030289389072,2.3921294405144677,0.14017299356913182,2.2486653344051444,-0.002081176848874599,1.4881819614147918,0.5470201350482317,0.722608302250804,0.6480483086816718,0.855276234726688,1.9228521028938907,0.8102055401929256,0.4962725369774922,2.0121691575562703,0.5029812700964624,1.4583213987138266,1.634181263665594,3.0042735562701006,2.2607111607717028,1.1377600996784556,0.9085351189710603,3.05560520578778,1.9410928006430874,2.3396724855305457,1.4677601479099687,1.0330543086816724,1.6232939935691304,1.6338920771704186,1.5115532604501625,1.7156110000000016,1.2387121543408344,1.7690554115755632,0.698448337620578,0.17598777491961407,3.5256692733118986,2.5493299453376217,2.08440330546624,2.2021556366559496,1.810938379421221,2.661718237942125,2.6094860096463006,2.800637366559488,1.9705769903536976,3.0853672893890702,0.9193646881028943,0.00019497106109324838,-0.02389275562700965,-0.027585971061093246,-0.01844197106109325,-0.022901061093247594,0.11534784565916391,0.3301650000000002,0.8695023633440508,-0.0164972347266881,0.38321870096463007,1.8486136527331176,1.088871536977492,0.12631468488745978,0.1613043536977492,0.3293306977491962,0.15269942765273328,1.057305061093247,0.17095370418006434,0.574155823151125,0.42550069453376177,1.8391009228295796,0.2215054758842443,0.819643257234727,0.4917257524115755,0.1082121575562701,0.1691084726688103,0.36901379421221886,0.8780855980707396,0.5853976302250797,2.314562263665593,0.33033025080385814,1.4286338199356912,1.13059592926045,1.0206870578778138,0.5191453729903536,0.2802563858520904,0.5508145176848873,0.6723262508038584,0.17017069453376202,1.9816962926045019,1.2724586591639873
2.2269041189710594,2.950055710610932,2.0023045401929283,3.5632961864951755,2.152240376205786,1.6095514951768497,0.0,4.213015135048234,2.682428157556272,2.297339237942123,0.9204905016077168,1.782075469453375,2.2662552347266893,2.14055905466238,1.394596273311898,4.275466610932482,1.6116572508038578,3.332099659163986,1.4548075723472673,1.7939190353697743,1.829618909967846,2.356085614147908,2.4197321414790984,1.9870443086816734,2.3584659003215442,1.4864812765273305,1.376155598070738,1.0184058135048237,0.2773582990353699,1.702759540192926,1.3646494340836015,2.759977755627008,3.136569032154337,2.66498259807074,2.3129993440514474,2.335794102893889,1.2130247202572348,2.812665003215436,2.7595830932475875,3.439113083601289,4.154394424437301,1.6825570321543395,2.1429799742765256,0.6698226077170422,1.396179205787781,1.6290176205787792,2.5220104501607734,1.4525284630225086,1.7488120482315113,1.376304135048231,0.760176601286173,0.8160245241157561,1.1538419903536978,1.4652649839228304,0.9629649196141474,1.3732227781350486,1.1350754758842434,1.8820292122186493,0.8588594983922835,0.027499498392282957,0.1953437331189711,0.2282632250803859,0.29458617684887467,0.19052264951768497,0.43230479099678454,1.058572479099679,0.5486650192926048,0.07039231511254018,0.46937714469453384,1.5357661961414792,1.402861080385853,0.9939675369774924,1.0639561125401933,0.2407786495176848,0.40914014147909944,0.957559742765273,0.4088660610932482,1.4220706012861737,0.07271671704180063,1.029630199356913,0.39489472990353686,0.6884627942122189,0.22325760450160773,0.31877560771704183,0.29583165594855304,1.1871416430868154,0.7405518231511258,0.7788480868167206,1.9245337781350473,0.29385583922829595,0.9440074019292599,0.6887161575562699,0.7088408810289383,0.17392771061093248,0.34120016720257235,0.16320193890675233,0.8802796655948552,0.8116223794212217,1.159141646302251,1.047426784565916
2.8135222958199364,3.7656160128617353,2.9176533022508058,4.569397115755623,4.235413697749193,3.1031391254019303,4.213015135048234,0.0,4.296082292604502,2.9495916816720245,1.3565435884244361,1.6921047073954976,1.6020096720257229,1.6900623922829583,1.4645586591639865,3.9823715755627025,1.177916572347267,4.12598304180065,0.9675277266881037,2.366320495176846,1.9149670321543397,1.8859395209003211,2.1300564051446935,1.9402309517684904,3.038750498392281,1.6203421318327988,1.3804883633440503,1.2853250192926045,0.5417020257234725,1.7003099389067524,1.8331474180064304,3.0407942636655956,3.1024174919614147,2.7533073022508048,1.9471822379421233,3.364368742765271,1.8749837620578789,3.3468284019292587,2.830409591639872,2.3603434019292595,3.392685472668811,2.1936323954983923,2.2119013954983906,1.1738765755627003,1.7100164919614154,1.7687855016077179,2.100879401929259,1.32788824437299,3.0494267684887486,2.152880926045017,2.0482652893890676,2.232679755627009,2.32080275562701,2.9366523022508058,2.5814726752411565,2.885797353697751,2.4294631768488744,3.3768525498392274,1.5766089581993565,0.24858259807073957,0.2973569967845661,0.3093613794212221,0.34605743086816715,0.3349841414790996,0.7649080739549838,1.18307447266881,1.490964620578779,0.2668827974276527,0.962134118971061,2.498517945337621,1.869113675241159,0.8777261350482317,1.0588966237942137,0.8719494694533771,0.848282337620579,1.6457041028938895,0.7013195530546628,1.3208795787781349,0.47653601286173614,2.099329054662378,0.8773265594855306,1.4475005016077174,0.4200467909967845,0.3103050192926044,0.3057233601286172,1.0637646688102904,1.4353731157556275,0.8231305241157558,2.93994815755627,0.8159072315112534,1.913632704180065,1.6259896366559479,1.567678061093247,0.8823320064308686,0.5041672636655952,0.45280601929260444,0.8624581028938912,0.7133792733118973,2.447890996784567,1.928386832797426
3.114286585209005,3.087990800643086,3.558256617363341,3.2022591221864936,4.227055652733122,4.503389649517687,2.682428157556272,4.296082292604502,0.0,2.606457456591639,0.9352760675241156,1.1872710257234715,0.8822848424437295,0.9136001575562689,0.9120972604501619,2.8936587331189716,0.5806758295819939,3.300311141479099,0.2902829839228296,1.9228882700964636,1.2897265080385842,1.2088258199356916,1.3273834855305455,1.5023626816720257,2.633084186495175,1.1035460643086823,0.6889306077170417,1.0408282218649523,0.3613355852090035,1.2031895080385846,1.5051179035369775,2.827806646302253,2.5578103665594836,1.9909305723472686,1.2409113183279739,3.4801237170418005,1.8657234598070747,2.892214202572349,2.351889733118972,1.8258919228295827,2.3128142122186515,1.783255363344052,1.6940266559485524,0.941646446945337,1.227712443729904,1.2726809421221876,1.2594001254019274,0.579337331189711,3.727473646302251,2.344354491961414,2.2961368488745975,2.467162035369776,2.3940768102893872,3.1241725562700955,2.908077890675242,3.2006691607717053,2.5744164694533755,3.639142713826367,1.5349183022508042,0.17797863665594862,0.1202650128617363,0.07326663987138263,0.05426864951768486,0.14907455948553056,0.5173683247588426,0.7225085916398717,1.5370598231511254,0.11730512218649512,0.7175736977491958,2.532337819935692,1.589817996784564,0.4183985048231512,0.5740548778135047,0.8287432668810285,0.6496275305466239,1.6202327877813498,0.42260032797427605,0.8566631189710613,0.5423326720257238,2.196150495176846,0.6467501639871382,1.374921684887461,0.3292912861736337,0.060926077170418015,0.03418779742765271,0.5509889453376208,1.4171158295819948,0.5090583504823151,3.040384418006431,0.6975259549839222,1.936227598070737,1.6656066012861714,1.6090789710610942,0.929515163987138,0.404874183279743,0.3576814051446943,0.5210777073954982,0.25531378778135055,2.7263378874598074,1.9297124308681648
1.8143172540192922,1.9821440932475882,1.3443932540192938,2.2420845305466224,2.0342192572347253,1.7294005691318335,2.297339237942123,2.9495916816720245,2.606457456591639,0.0,3.811831723472671,3.6676019871382657,2.085562742765274,2.3119513633440505,2.2898481575562695,2.5952014951768505,2.3941222829582007,3.377550067524117,1.7102141704180047,2.9375323311897117,2.854865099678455,2.752754234726689,2.298859678456592,3.8163419260450206,3.715680418006429,3.0464000289389084,1.522277549839229,1.7031226655948561,1.3758674276527332,2.036284855305468,1.1487267299035373,2.1918643504823145,2.386619794212218,2.815890588424439,2.3610396655948565,2.815132012861736,2.3363592540192903,3.896067067524113,3.6223093247588407,3.633009202572349,3.2251713376205786,2.1785194469453373,3.035973614147908,0.9781236784565909,1.3524706398713828,2.1714168327974277,2.000428321543409,1.5873363729903536,2.3113099774919643,2.4437697620578778,0.7805032282958191,0.5624848038585204,1.2376242604501606,1.0335430450160776,0.5445336688102893,1.1353209003215448,1.1484187588424446,1.5735315852090033,2.0739295144694543,1.1322550450160764,1.0542440964630224,0.8891859163987141,0.665914247588424,1.0737927170418005,1.8115799003215451,1.903112025723472,0.9725109067524113,1.22229136977492,1.5594892958199347,2.1574598006430885,2.623700315112538,1.2913938553054654,1.2334017781350473,1.3184297781350485,1.7674135401929276,1.763583501607717,1.587030684887459,1.514473585209002,0.17330016077170407,1.3243532636655955,1.6626424983922834,1.3804324180064302,0.5534526848874606,0.8869514340836004,0.853424019292605,1.3853870482315136,1.804428546623792,1.2028717620578777,2.5675495209003234,1.1847820578778119,1.5255659710610932,1.4532949581993582,1.6638859614147914,0.40836682958199333,0.9017444147909963,0.5317584887459806,1.2994190578778138,1.0120837138263672,1.4316526398713847,1.888929678456592
0.4794070900321547,0.3306078681672023,0.041340736334405125,0.49101997106109296,0.33678170418006487,0.2536107009646301,0.9204905016077168,1.3565435884244361,0.9352760675241156,3.811831723472671,0.0,4.010391498392277,1.9805956591639888,2.6892173665594847,2.4414131414790985,1.397240790996785,2.4168541832797428,2.5298164855305436,1.9280287170418005,2.097567125401929,2.6685443794212227,2.1097630418006426,2.036157115755628,3.1071343697749203,3.4741353151125405,2.988848318327974,0.847862987138264,1.0422889099678452,0.8871475466237945,1.5922466655948553,0.2603596334405147,0.91085155948553,1.4565622025723475,2.0373433054662384,1.4325283247588436,1.5270349324758838,1.4155560482315108,2.2478881189710602,2.083917414790997,2.0697694726688125,2.109965514469452,1.6003062218649513,2.2636464887459815,0.21408366237942128,0.5520408778135042,1.5252249163987142,1.3689677909967835,1.0202064147909968,0.9028114726688097,1.3159222700964635,-0.012026771704180062,-0.03744904180064309,0.11555749517684885,-0.0024207073954983856,-0.038502778135048196,0.02766314147909968,0.07850830546623794,0.24563878778135045,1.1354085016077167,0.5443266205787785,0.5303364919614144,0.4921195016077166,0.3356639389067522,0.7186386495176849,1.1241443987138264,1.605133704180065,0.0746799163987138,0.6838888424437297,0.6202473472668814,0.9815318135048237,1.762125292604501,0.7459310964630228,0.7669147909967845,0.3499321511254019,1.0412102765273306,0.9045666302250805,0.9966332636655945,1.0360878199356902,-0.03853455627009648,0.1844818520900321,0.7068166945337618,0.27844909967845677,0.07347507717041807,0.24940426045016068,0.2046461157556269,0.8316695434083601,0.9279427717041796,0.5451223987138267,1.4213275787781352,0.21465149839228312,0.3711928681672028,0.33706803215434067,0.6092727749196142,-0.056103475884244365,0.2364695980707396,0.045392707395498416,0.6588916270096468,0.440134048231511,0.16299939549839224,0.7248592154340835
0.8582560128617372,1.015940655948554,0.34532927652733153,1.0243502379421228,0.9070382347266888,0.555924102893891,1.782075469453375,1.6921047073954976,1.1872710257234715,3.6676019871382657,4.010391498392277,0.0,3.982241906752412,3.4303950450160805,3.339060720257235,2.398114964630227,3.995032479099679,2.7328274244373,2.7105293247588436,2.3939736141479124,2.9196798456591657,3.6595286688102897,3.440628347266883,3.9329708520900337,3.6972518488745965,3.7412867781350503,1.6968158585208997,2.1218686045016097,1.6880140675241153,3.162063411575563,0.8979289967845654,1.761563228295821,2.592537739549841,2.986026311897105,2.5118238102893913,1.71343944051447,2.052868636655947,2.674491019292606,2.850543491961417,2.8523580321543407,2.9831603601286205,2.3307824790996805,3.122171942122188,0.7177848038585214,1.358580681672026,2.495929585209002,2.5190381672025692,2.1747092765273313,1.1851156623794217,1.6505695273311893,0.03513836334405144,-0.07548745980707396,0.6749766173633438,0.0003740739549839151,-0.051370106109324756,0.08860876527331185,0.36746778778135025,0.28763502572347266,1.5139458102893881,1.030731061093248,1.4308169839228304,1.5051646591639862,1.484063610932476,1.5783808199356917,1.6990535401929276,2.575698929260452,0.7365380514469447,1.254141430868167,1.1104575691318321,1.3788856077170417,2.2743135659163976,2.0901655884244392,2.2104568392282946,0.6925768488745987,1.5260697266881031,1.6907534308681655,1.7306257524115751,2.5860357524115765,-0.007958286173633438,0.41812631511254,1.1466005273311892,0.9325862218649515,0.6784540514469458,1.078224073954985,1.036158900321543,2.1293626141479107,1.6017130160771702,1.6893686816720246,1.7558282379421222,0.6589551704180068,0.8484224180064315,0.5877029131832795,0.965542556270097,0.055764543408360144,1.138581202572347,0.5123446205787782,1.68427836977492,1.6078768038585207,0.36981738585208995,1.031644202572348
0.778795803858521,0.9114907459807075,0.30681736012861743,0.871812485530547,0.7096257202572352,0.2750973536977492,2.2662552347266893,1.6020096720257229,0.8822848424437295,2.085562742765274,1.9805956591639888,3.982241906752412,0.0,4.250644832797425,3.4593757942122205,2.868688543408361,3.8061590514469437,2.853509466237945,3.0910329196141464,1.9970502347266879,2.7583054726688148,3.921587212218651,3.796582077170418,2.864742495176849,2.5590594694533766,2.3641818456591666,1.5122063472668814,1.8312392829581992,1.4011735369774911,3.07632333762058,0.5698775016077177,1.8015485337620576,2.645237382636654,3.2952544630225074,2.7047827652733134,1.3470710128617365,2.0554695819935667,2.051493688102895,2.331142228295821,2.5122243344051447,3.233216128617362,1.5301210418006426,2.542871913183281,0.29591342443729896,1.1205835434083593,2.0349602636655955,2.999872446945338,1.842965163987138,0.6945522990353697,1.1113769678456589,0.10084953054662385,-0.056141038585208955,0.900183794212219,-0.026418282958199337,-0.0553197845659164,0.028274922829582026,0.5362521832797426,0.27707857234726707,1.0603521864951782,0.7688514372990354,1.7797120514469462,2.171289794212217,2.3510414983922856,2.0883300707395525,1.5508754244372993,3.1065744405144695,1.0423344694533772,1.140413543408361,1.113403025723472,1.399254469453376,2.09561092926045,2.61749087459807,2.9068143279742764,0.467927318327974,1.1976103601286168,1.6840758327974283,1.7901469421221867,2.9496442765273323,-0.05383936012861736,0.4399844019292602,0.9601520643086822,1.2397043440514472,0.46357786816720276,0.9310394630225075,0.7966597652733121,2.3929432861736335,1.7530095852090042,1.6049165048231515,1.410583443729904,0.6917388424437296,0.7955230385852082,0.2650557524115754,0.6817712733118974,0.02535534083601287,1.066053321543409,0.23365658520900334,1.4840626977491969,1.5168932508038588,0.2013724565916398,0.6687453826366557
1.0952625498392272,0.8088805241157548,0.25799926688102887,0.779306035369775,0.5639928938906758,0.25058227009646306,2.14055905466238,1.6900623922829583,0.9136001575562689,2.3119513633440505,2.6892173665594847,3.4303950450160805,4.250644832797425,0.0,4.067208633440519,2.6030540964630235,3.7514345112540197,3.20691911575563,3.9190470546623777,2.143195048231513,3.60583997749196,3.3524235594855303,4.267340790996786,2.794626633440514,3.2292418681672017,2.756589646302253,2.073250041800645,1.8957570514469448,1.6023191768488736,2.8199449292604513,0.7226239389067526,1.5385919581993568,2.1489915498392294,3.4570449421221845,2.7143356173633455,1.4076575627009649,2.0601556623794224,1.8011030578778124,1.8474694790996786,1.992554131832798,3.1962289646302273,2.123829520900321,2.808591816720256,0.6524848585209011,1.6006226977491966,2.4163887041800636,3.2873411897106095,2.4572626430868154,0.7838955241157558,1.2499571736334403,0.3191383987138265,-0.02520780385852089,0.9732816045016088,0.04374797106109321,-0.058507472668810304,0.09586903858520905,0.6761339003215442,0.42539493569131837,1.5400871318327978,1.27970815755627,1.8861551672025734,2.3616369871382625,2.5608996430868185,2.4598929614147904,1.991056678456591,3.387914437299036,1.083347466237941,1.644561691318328,1.336089508038584,1.5716423665594854,2.4228018102893882,2.551293057877815,2.899930254019296,0.7592836012861733,1.7126841672025719,1.862634321543408,2.1225924340836015,2.7807246430868147,-0.007611942122186491,0.5439029453376201,1.2577416109324753,1.3105670771704183,0.8140655980707397,1.2291974919614141,1.1449142282958193,2.356681102893891,1.8828271254019309,1.6976890000000007,1.6677446591639864,0.7881989099678464,0.9229137652733116,0.5848947009646304,0.976823633440515,0.18214952411575575,1.2926636045016078,0.5893248810289387,1.7458028070739544,1.6567814372990353,0.3444920932475881,0.8651319453376201
1.3528806752411584,0.5062597909967845,0.07651665594855307,0.5360912958199355,0.39141709967845645,0.7581030289389072,1.394596273311898,1.4645586591639865,0.9120972604501619,2.2898481575562695,2.4414131414790985,3.339060720257235,3.4593757942122205,4.067208633440519,0.0,1.8873285273311906,3.0863705980707397,2.8112854662379396,2.403521594855305,3.3933094726688124,3.98380869453376,3.0053775209003226,3.9710965273311887,2.8151596913183274,2.8817388649517697,2.735426167202572,1.9233536784565917,3.5946299099678503,3.9721392829582016,4.076713784565917,1.2089159485530554,1.1616337427652732,1.6926303858520904,2.521273369774918,2.3994715723472666,2.0065956913183283,3.93461285530547,1.5840095691318328,1.6588737684887487,1.6822033697749197,2.4532580321543405,2.0348396077170396,2.7787662604501593,2.121104961414791,1.590670228295821,2.8441542154340853,2.471131665594855,2.158761440514467,1.7792038520900317,2.764742257234726,0.8041118263665596,0.2372203729903537,1.4357978971061114,0.38208145659163967,0.025165803858520887,0.6411326623794213,1.2009395562700977,0.9095600064308679,2.1952986173633438,2.0302586720257243,2.5522956752411585,3.0141494694533733,3.1082697299035345,3.16902634726688,2.673861868167203,4.343979154340837,1.5602475852090032,2.456435662379418,1.9276643794212216,2.1155007749196155,3.2371100482315107,2.9629986848874608,3.3491201189710615,1.3671864469453383,2.435450183279744,2.4247222700964635,3.2281558842443747,3.4552691897106125,0.5050888745980704,1.057909202572347,1.8653760385852096,1.7983157395498401,1.257406604501608,1.6426229292604504,1.5070068488745976,2.6869990160771704,3.1186515434083613,2.455013491961413,2.440557128617362,1.3294838231511257,1.4570677138263664,1.1663789742765274,1.5620503762057876,0.7045358231511254,1.799552292604501,1.3164780546623795,2.213082491961412,1.9961520353697753,1.0828613858520888,1.7312310546623793
3.4702544372990367,4.047022954983921,3.104752125401929,3.7771233729903537,2.957604315112542,2.3921294405144677,4.275466610932482,3.9823715755627025,2.8936587331189716,2.5952014951768505,1.397240790996785,2.398114964630227,2.868688543408361,2.6030540964630235,1.8873285273311906,0.0,2.186640524115756,3.379392739549838,1.8918278295819937,2.227146212218651,2.2164365755627,3.0492950064308673,2.9695792990353693,2.4756852893890655,2.6128053569131837,2.0913624951768477,1.9570163279742783,1.6825875884244375,0.8250625819935692,2.3358505498392277,1.8532284180064311,3.881719498392281,4.339841546623797,2.9169325466237974,3.0522581125401933,2.6895325723472663,1.7919452122186494,3.1507855305466204,3.013448649517685,3.3052685016077192,4.0789926655948525,2.1026109581993575,2.835610025723476,1.133982861736333,1.9042792508038582,2.2473566784565926,3.119124958199357,2.031672363344052,2.2134683472668817,2.0571093601286163,1.3820378488745981,1.4329959710610947,1.789132643086817,1.9961103118971064,1.5065306045016091,1.889136212218648,1.7237776848874593,2.364598244372992,1.5472246463022505,0.3560421511254022,0.7114393183279739,0.7087244758842445,0.6873162057877811,0.6370690546623793,0.9565493697749189,1.5566717588424421,1.1806019935691325,0.42595522186495155,1.0689112443729905,2.2254836366559507,1.982184469453377,1.5856983279742776,1.6182413987138262,0.8895501479099672,0.9766532572347275,1.6323298231511238,0.9363212282958207,2.02138818971061,0.4240476302250803,1.7302441157556272,1.0155903408360125,1.4084956237942132,0.6600944919614142,0.9119125916398707,0.8998439774919618,1.8164811832797432,1.370689572347267,1.4032356173633447,2.6029502122186483,0.880978305466238,1.6795788102893896,1.4005763987138269,1.4038764276527325,0.7238543922829579,0.939367720257234,0.5578632958199357,1.4953347395498373,1.4132014694533754,1.7434101993569142,1.8220298745980712
0.5731039517684883,0.41532214790996813,0.02766141479099677,0.3729611832797427,0.30808823794212237,0.14017299356913182,1.6116572508038578,1.177916572347267,0.5806758295819939,2.3941222829582007,2.4168541832797428,3.995032479099679,3.8061590514469437,3.7514345112540197,3.0863705980707397,2.186640524115756,0.0,3.2601864790996777,3.8039380900321538,2.1828807974276545,3.1477185401929266,3.1088774244373,2.6570489421221875,3.6757699292604507,2.4990598520900322,2.545718434083603,1.0234605819935694,1.1887891639871382,1.2573146848874586,1.9935845819935722,0.25862742443729886,1.2434299935691313,2.0882557009646288,3.7923841061093237,2.223522945337621,1.3160565916398714,1.7208476881028942,1.8051186591639858,2.086044726688105,2.2418365562700964,3.1175596655948548,1.2842942604501615,2.485559643086816,0.24210311897106093,0.6820653279742769,1.6171763665594856,2.3458360739549846,1.3434751511254026,0.6080066945337619,1.2753554919614147,0.05723750482315112,-0.05448954340836012,0.3476192990353699,0.03644330868167202,-0.035637926045016095,0.010992704180064313,0.2438390032154344,0.2577548424437294,1.5639568585208998,1.0901316848874605,1.151611511254019,1.2239035884244367,1.094623028938907,1.4962232250803853,1.7388438649517677,2.4510098263665596,0.36755634726688086,1.321039038585211,1.0761888520900316,1.2913017684887476,2.2588686463022514,1.3081437299035368,1.433335938906751,0.7001110610932483,1.5825526270096453,1.4176370868167198,1.6350433858520885,1.5928059421221865,-0.049475000000000005,0.37450699678456617,1.1702870610932465,0.6079017073954981,0.10867591318327983,0.4288030482315114,0.33088213504823133,1.295638652733119,1.3958746816720256,0.7894299099678461,1.6300820546623784,0.4824849646302251,0.7022532379421222,0.62443361414791,0.9651010803858513,0.02100663022508038,0.5721279035369775,0.04483652733118971,0.8705510675241157,0.7564953054662373,0.18728523151125406,0.8654742315112537
2.3326661350482305,2.463423466237942,1.8803574405144683,2.562029273311896,2.0735206270096462,2.2486653344051444,3.332099659163986,4.12598304180065,3.300311141479099,3.377550067524117,2.5298164855305436,2.7328274244373,2.853509466237945,3.20691911575563,2.8112854662379396,3.379392739549838,3.2601864790996777,0.0,3.2551069292604495,3.625969157556269,3.746154459807075,2.687442655948554,3.115965241157556,3.1106657652733123,3.0330402057877817,2.118630729903538,1.7679902958199345,1.8818065498392285,1.7203438778135047,2.6079426077170442,1.4514438938906762,2.599296398713827,2.846431376205788,4.497873488745979,2.3922281832797423,3.7589745305466233,2.4997709356913194,3.022209836012862,2.7674411350482315,2.6442039678456593,4.100626852090034,1.8192238971061094,2.3962584951768493,1.1799373472668802,1.548601157556269,2.1847138135048234,2.7238573569131845,2.0254472090032167,2.7873043022508037,2.6874706688102874,1.5268127942122183,1.4727915884244358,1.974616244372989,2.012681324758841,1.5272930128617361,1.9811562604501602,1.9140116173633441,2.5140753118971055,2.322175475884245,1.201517588424438,1.2675502958199354,1.292518900321543,1.2481083054662376,1.3087274630225092,1.8380732315112536,2.2150425530546607,1.5461832218649523,1.2479032926045024,1.8619191993569146,2.711459395498393,2.829797151125404,1.7328829839228292,1.8434910964630222,1.6512597652733105,1.900205353697748,2.0669686109324776,1.7486433665594843,2.0626241929260454,0.7352971704180065,2.0404365369774937,1.9090179581993567,1.9208262282958197,0.7515937845659161,0.8442367234726693,0.7188643697749189,1.7458157909967849,2.0730612411575553,1.4053393665594862,3.085476327974278,1.607468273311897,2.106960662379421,1.9326278713826368,2.0568896302250805,1.0710805337620581,1.100494768488746,0.686108344051447,1.4138615176848863,1.2972248488745983,2.1016077813504843,2.37171122829582
0.35146499035369805,0.21121590353697756,-0.016545051446945343,0.20163563987138267,0.0865387588424437,-0.002081176848874599,1.4548075723472673,0.9675277266881037,0.2902829839228296,1.7102141704180047,1.9280287170418005,2.7105293247588436,3.0910329196141464,3.9190470546623777,2.403521594855305,1.8918278295819937,3.8039380900321538,3.2551069292604495,0.0,1.3953276334405147,3.2571780385852103,2.4529166495176855,2.491268424437297,2.43897440192926,2.2343605530546595,1.6308987009646296,0.6315717717041804,0.5575489389067522,0.48704416077170415,1.3415922540192928,0.03866403215434084,0.8089545337620582,1.404779482315112,3.7011628231511264,1.721207401929261,0.739193980707396,1.0181208906752404,1.126558723472668,1.1517945401929268,1.3200970996784567,2.719464713826365,0.639210839228296,1.711276530546626,0.0343846591639871,0.3363507427652731,0.9913526463022508,2.148067971061095,0.9462901897106111,0.14981847588424432,0.5932104598070741,-0.01251599035369775,-0.05337569774919613,0.15373855305466239,-0.05182475884244373,-0.04711075884244373,-0.025626758842443736,0.04614719935691316,0.06983875884244366,1.1334961511254023,0.6303534790996784,0.7100754565916398,0.7747949485530543,0.6669345530546626,1.0238225819935698,1.2565286720257236,1.937987655948554,0.12573182636655955,0.869926868167202,0.6811789163987133,0.8622188199356903,1.7606380353697737,0.9097894019292603,1.0377045723472678,0.368380816720257,1.1172449678456586,0.9672394083601283,1.118711784565916,1.1604206173633445,-0.0416625916398714,0.11815762057877816,0.7955493215434092,0.30336824115755634,-0.07265742443729907,0.08185425723472665,0.021857096463022488,0.8994865627009657,0.8154901929260453,0.35476365594855286,1.1261899807073963,0.23296152411575566,0.3056292861736334,0.3329467266881029,0.5507592604501602,-0.04516633762057877,0.19900785852090033,-0.015888771704180064,0.42553156913183315,0.37037500321543415,0.0060501511254019156,0.4498360321543408
1.640154003215433,1.3310751446945341,0.8189951511254019,1.4087315337620572,1.2798988295819949,1.4881819614147918,1.7939190353697743,2.366320495176846,1.9228882700964636,2.9375323311897117,2.097567125401929,2.3939736141479124,1.9970502347266879,2.143195048231513,3.3933094726688124,2.227146212218651,2.1828807974276545,3.625969157556269,1.3953276334405147,0.0,3.2880038681672024,2.26846359163987,2.867685254019293,2.7970184662379407,2.5404950096463,2.0377444823151123,1.6070740771704175,3.06372104823151,3.333366360128615,3.368020221864957,1.561381279742766,1.8951813665594837,2.1813608649517646,2.8825917588424432,2.01608080385852,3.185834803858522,3.4524676977491993,2.394750826366561,2.202012176848872,2.1474190353697757,2.9554395112540184,1.403865665594855,2.2598095787781354,2.337661128617363,1.4469924630225075,2.7291043086816718,1.923540739549839,1.7819060192926048,2.3690612090032137,3.605068903536981,1.3254110964630237,1.1442763311897117,1.7781095884244353,1.4712741028938916,0.9496164340836011,1.4813978842443731,1.6588205337620572,1.8368301446945332,2.6757430836012848,1.71289375562701,1.7335418392282949,1.6619275209003208,1.5310569196141492,1.8039956398713823,2.285158755627009,2.8867379421221893,1.6392848520900318,1.7502851832797433,2.1367228906752405,2.7787258488745996,3.278635099678457,1.9951411639871395,2.06769694533762,2.0162853183279745,2.3827984501607737,2.3082673633440507,2.510966080385854,2.487196884244372,0.9915882025723463,2.009506607717042,2.2997062508038595,2.0611313183279734,1.150605987138263,1.2746832958199354,1.138645913183281,1.9842625755627012,2.6705551511254013,1.9509985787781368,3.270782893890676,1.9272026109324745,2.2119430096463035,2.1133600418006426,2.328554061093247,1.1370124083601285,1.4779919678456608,1.3535799196141474,1.8622172700964634,1.6142789389067536,1.9141300578778135,2.668145012861736
1.112267244372992,0.8944518038585205,0.322786588424437,0.9645206527331195,0.7555592443729906,0.5470201350482317,1.829618909967846,1.9149670321543397,1.2897265080385842,2.854865099678455,2.6685443794212227,2.9196798456591657,2.7583054726688148,3.60583997749196,3.98380869453376,2.2164365755627,3.1477185401929266,3.746154459807075,3.2571780385852103,3.2880038681672024,0.0,2.6178208070739566,3.4392418842443733,3.0871285787781346,2.902483099678457,2.252775202572348,1.5691879967845654,2.3360011864951784,2.898354990353698,3.223631466237943,0.7344335948553053,1.4931140353697747,1.9900895048231504,3.4150633826366557,2.1248949646302258,2.0313919099678466,2.7754744887459792,2.0701462733118983,2.007031334405143,2.034001434083601,3.0858281736334394,1.3449112218649506,2.330125469453374,1.1115524533762053,1.080747221864952,2.3514125498392273,2.3798673922829576,1.9866142475884256,1.2267466398713824,2.0612081543408345,0.709461257234727,0.49830376527331194,1.2996105048231503,0.8248267202572342,0.2875665530546621,0.7464902379421222,1.1729911028938909,1.1777617491961425,2.465617630225082,1.7603306816720248,1.8116745755627013,1.828745829581994,1.7202228778135042,2.0220668167202556,2.3892208681672,3.0029604598070714,1.2883870064308678,1.9020620192926063,1.9298435755627024,2.2418623890675238,3.081158270096464,2.010296302250803,2.1290419453376166,1.696446974276527,2.356342610932475,2.1167280546623797,2.4402258617363346,2.394079006430869,0.32653935369774895,1.3991782411575566,2.095192852090033,1.583259916398713,0.6114122861736334,1.0425590771704176,0.8392568585209006,1.9362768135048243,2.2923017717041816,1.6418626495176853,2.6455727331189687,1.4987319324758834,1.7361841093247588,1.6819055112540193,1.9729847524115758,0.5630321511254021,1.2640484758842434,0.7785770546623799,1.5615655112540188,1.4401582958199362,1.1206340225080382,1.9667719389067524
