0.0,3.4259817664473644,3.512970660087717,2.6153504879385983,2.6791361666666678,3.4271603717105243,2.245859608552631,2.863214032894738,3.1166144035087715,1.7997222236842074,0.3522752620614041,0.6565535043859654,0.5999804725877199,0.6454249550438602,0.9893765274122798,3.464159481359649,0.2587830778508772,2.2738281962719284,0.1217432905701754,1.5613284078947367,0.7383985208333337,0.8808957894736845,0.9372789057017552,0.980727260964913,1.7833279353070202,0.8495736184210539,0.5136902214912272,2.0999720383771936,0.5868771293859656,1.530419125,1.4910405932017528,4.073724654605268,2.4203219692982483,1.1994734890350858,1.0799665603070183,2.806619993421054,2.066962654605262,2.200248462719302,1.5546006513157922,1.176036066885965,1.9290913958333336,1.3324887116228055,1.3873533377192981,1.788749037280703,0.9588548103070171,1.7721149002192964,0.9038002796052634,0.31050792543859673,3.0780384890350865,2.5253186754385974,1.4776014100877202,1.393288599780702,1.1235247478070176,1.6446013815789455,1.6980042269736857,1.9947566688596534,1.0731265910087733,2.0792077675438603,0.767123796052631,-0.009854651315789473,-0.03265202960526313,-0.0480630416666667,-0.049681158991228096,-0.02504641337719299,0.06953094517543851,0.37677664583333326,0.3634989078947368,-0.0026836820175438537,0.1269012609649123,1.1467099912280683,0.864734702850878,0.16253499013157902,0.0815215844298246,0.24499963157894727,0.16245513925438615,0.6611847642543858,0.15609520285087716,0.5372076995614039,0.27975540460526316,1.3204157620614028,0.14154737719298227,0.358809061403509,0.2241084024122806,0.1156650932017544,0.10950832675438585,0.28099398135964904,0.7059415219298254,0.5269758059210526,1.6717460570175446,0.18941699232456136,0.9955833892543864,0.7726077839912265,0.7685970855263143,0.19296246600877168,0.12640372697368432,0.4408528892543856,0.4675268848684208,0.14607899122807014,1.2141397850877191,0.8867024418859638
3.4259817664473644,0.0,4.109255367324564,4.195224645833332,4.2362474210526315,3.033177992324561,2.8339656853070143,3.670428728070179,3.0343072456140363,1.744103229166667,0.2700330482456138,0.8374616030701743,0.8320771984649119,0.6556734758771926,0.44519839035087616,4.04728809429824,0.2714566118421054,2.2846172730263152,0.14410720285087714,1.1841633048245617,0.746284266447369,1.0900002894736833,1.02524070504386,0.9600929791666666,2.598011356359649,1.2704284627192988,0.6996739725877196,0.8821189857456148,0.03868171491228072,0.6469181282894731,2.2176957543859603,3.412390457236845,3.058158655701759,1.103867294956141,1.1829209342105262,1.9924864857456135,1.1812906710526316,3.1118684868421043,2.0458363453947364,1.3844159243421033,2.0221842138157906,2.412733837719297,2.032984353070174,1.3446091260964896,1.6740545844298225,1.328164968201755,1.0450477587719311,0.31740458552631606,2.1521360427631557,1.2924919868421045,1.4595051260964922,1.5073115921052613,1.5178159364035053,2.0292697160087716,1.8322174089912286,2.125212621710524,1.4688668771929834,2.3954620921052596,0.8075637302631588,-0.019547733552631574,-0.03627878947368421,-0.032883803728070184,-0.030022081140350855,-0.03795189473684212,0.10056351754385981,0.12812657565789476,0.6303000296052638,-0.021427455043859643,0.2525677510964911,1.4200472346491217,0.9297680153508768,0.03143656140350879,0.046392916666666645,0.28870641118421053,0.16761933662280698,0.8367792434210516,0.028715847587719296,0.15776733114035077,0.3300537247807016,1.4721828739035108,0.2204042335526312,0.5316934868421057,0.40059141885964894,0.12340591557017538,0.09268291008771933,0.10910393969298257,0.5770526480263158,0.2156065767543862,1.8909249199561398,0.26953374561403504,1.2276685756578947,0.973469959429825,0.9000330657894743,0.3869892905701754,0.20545091118421055,0.5096659429824567,0.3023077675438594,-0.004842702850877193,1.4220273311403522,0.9976980975877178
3.512970660087717,4.109255367324564,0.0,2.8100716896929843,3.84827227192983,4.1971602028508785,1.9117390186403491,2.8730385263157894,3.485610564692981,1.175749119517545,0.015959177631578954,0.3163896304824562,0.3485297609649121,0.20191438486842112,0.15291087061403505,3.071840146929823,0.027876793859649147,1.754476683114035,-0.005776676535087717,0.7544320241228065,0.2784741896929824,0.551716262061404,0.4917168223684208,0.4575156118421056,1.9045399605263187,0.674397121710527,0.24670100767543862,0.6851592719298246,0.0009503432017543864,0.36367319846491275,1.8239724660087733,3.2457448366228085,2.5292690975877203,0.6111809155701754,0.6352228936403521,2.019108074561402,0.8969384956140354,2.5409495953947374,1.3811258234649109,0.8032892894736833,1.4003843377192977,1.9076275592105247,1.4898237335526323,0.9914388355263175,1.1867044649122809,0.8718921929824573,0.505163697368421,0.04261350657894742,2.7053192905701753,1.4076928015350911,1.5482479100877182,1.5000546173245615,1.1186628574561401,1.8265397510964925,1.93087630263158,2.156504116228071,1.136164305921053,2.2532696030701733,0.3777501162280701,-0.021619945175438592,-0.01764963048245614,-0.025642722587719293,-0.021434457236842112,-0.028534469298245612,-0.019392436403508764,-0.008597537280701758,0.27399935635964884,-0.023350835526315797,0.05999368421052631,0.9912228541666683,0.5023964451754396,-0.05957439254385964,-0.03838252412280694,0.050976305921052616,-0.021917629385964924,0.3981815964912279,-0.013213753289473681,-0.011129067982456144,0.15411424122807021,1.2912180131578972,0.007542730263157898,0.2429983717105265,0.1501984287280704,-0.014668941885964917,-0.026659434210526314,-0.035148653508771915,0.22021296820175437,0.005863950657894734,1.469171381578945,0.07319176973684216,0.8264556140350886,0.5668381030701748,0.47922341557017484,0.14110347916666666,0.036926030701754396,0.22516896381578935,0.05008123793859656,-0.04700224342105263,1.16028372368421,0.5580280537280705
2.6153504879385983,4.195224645833332,2.8100716896929843,0.0,4.149762874999998,2.5093723607456107,3.5911110285087706,4.549264267543864,3.2496197269736844,2.0752167489035096,0.4272803607456141,0.9408716907894723,0.8669270449561397,0.6900816359649111,0.5340746052631575,3.8463272269736866,0.32486290789473676,2.455768312500001,0.14106998135964927,1.3142205723684202,0.8565096282894715,1.1381008892543851,1.0648511885964909,1.1084820526315788,2.746076176535087,1.2875916480263145,0.7028453322368433,0.8570897478070169,0.05757194298245608,0.687107672149123,1.936219008771932,3.010637052631587,2.977227907894737,1.205418930921055,1.1912880043859633,2.207967381578946,1.3272745635964918,3.154713396929822,2.2945335296052587,1.571175231359651,2.1095480263157906,2.2481739024122818,1.9482326250000008,1.152022592105262,1.519658752192982,1.3251514133771929,1.0649285899122811,0.32190175657894715,2.3000470263157893,1.4390886491228043,1.6771316666666674,1.7690858717105273,1.956390162280705,2.475288333333331,2.1076794473684255,2.465714868421054,1.947441978070178,2.858385485745617,1.1252675899122802,-0.0031036030701754387,-0.02395254714912283,-0.02231053289473683,-0.025633607456140337,-0.012291505482456144,0.17097850109649132,0.2396969024122808,1.0280659649122785,-0.009206411184210526,0.3335582653508768,1.8063230241228103,1.0816138530701767,0.0690671063596491,0.113650004385965,0.5204140482456142,0.30648363706140336,1.1889748333333336,0.05999637938596492,0.2582661502192985,0.3518241217105266,1.7731387554824567,0.32252285307017503,0.7888860087719295,0.3265034692982454,0.0896184265350878,0.0729717203947367,0.12265628618421051,0.8177368421052622,0.23326125986842106,2.286592019736844,0.42739184100877264,1.6107660504385968,1.3712510405701746,1.2609756414473672,0.6441109331140346,0.2590598771929825,0.38628653399122764,0.2848258903508776,0.005656729166666669,1.870850063596492,1.3115865592105242
2.6791361666666678,4.2362474210526315,3.84827227192983,4.149762874999998,0.0,3.6205477554824577,2.196604325657897,4.2041374484649126,4.1795826502193005,1.889334192982458,0.34955020285087696,0.8740958892543856,0.7573921480263163,0.5336612072368415,0.41886036732456083,3.01355558662281,0.2468825471491226,1.880529912280703,0.07548446271929828,1.1557119747807014,0.7038167028508773,1.0694920142543844,0.8609160131578952,1.0154833706140347,2.7167359583333335,1.3438734539473673,0.7051098651315792,0.9466613223684202,0.06522229605263155,0.5865119374999999,2.193408203947368,3.120175324561402,2.957954858552636,0.9168036677631577,1.137297736842105,1.9128439407894746,1.2427571052631587,3.1638322817982516,2.1458380043859644,1.4344862225877202,1.7905803026315776,2.4289809572368393,2.0823060482456124,1.3737388103070176,1.7091862708333354,1.403932085526316,0.8695189407894739,0.2549745635964912,2.6182342149122833,1.3550838453947356,1.9173910592105285,2.012066344298247,1.9792575526315803,2.625283470394737,2.4375247631578945,2.7125325098684185,2.0255751973684246,3.0367900493421067,1.0667271392543878,0.014249361842105254,-0.02105610745614036,-0.018528964912280704,-0.01422791447368421,-0.01005595942982457,0.15259999122807,0.16696849122807053,0.9910263782894726,-0.014555252192982449,0.3776811940789472,1.8093918815789485,1.0597357982456141,0.02962921710526316,0.0742470032894736,0.5029799429824563,0.3039829353070177,1.1367521173245612,0.060425631578947335,0.18459143421052648,0.4517276995614032,1.8582465734649123,0.3249264375000002,0.7645458366228065,0.45596279934210565,0.16110953947368398,0.1268598750000001,0.07049600877192994,0.7618455230263147,0.28533724780701764,2.299364312500003,0.42147098245614073,1.5919910614035075,1.32706269846491,1.2130935964912284,0.6284038991228064,0.293496561403509,0.5601554111842106,0.3405648146929823,-0.0038568706140350837,1.9664334835526334,1.2988650109649116
3.4271603717105243,3.033177992324561,4.1971602028508785,2.5093723607456107,3.6205477554824577,0.0,1.6373902500000013,3.122488517543859,4.502805857456136,1.6561617050438617,0.22550285635964895,0.5298694078947366,0.36454247478070256,0.20174999451754397,0.7170067850877188,2.352630350877192,0.09201699999999996,2.1687856074561394,-0.004364951754385967,1.394805620614037,0.4546159912280706,0.6984431162280703,0.5931052971491234,0.819084742324561,1.896409506578946,0.8836036063596491,0.46459617434210543,1.9384082741228035,0.44215738486842027,1.3307429309210514,1.739918793859648,3.028981792763161,2.276954066885963,0.9647169495614025,0.9028373486842113,2.9728953925438635,1.9236353432017566,2.400681094298242,1.5094068881578955,1.0243328059210521,1.5824131107456152,1.7223396074561406,1.5477477697368407,1.7219141140350895,1.2003216260964926,1.6749181140350866,0.5833720504385957,0.1542280153508773,3.525931962719299,2.441788701754385,2.083321974780703,2.0956446129385973,1.782182428728069,2.549600132675435,2.5619739649122786,2.815047459429828,1.8918491381578948,3.040003309210528,0.9160129166666664,-0.005101868421052636,-0.03233347368421054,-0.02401881030701755,-0.03392256688596494,-0.023049015350877184,0.05506002960526318,0.2394813760964912,0.7416133212719295,-0.03667776315789473,0.1637021337719297,1.583557200657897,0.8522335603070174,0.0887340888157895,0.06857973135964916,0.338587313596491,0.14188396820175436,0.9527505745614047,0.08614936513157906,0.41568039144736896,0.5037052160087725,1.8387795592105254,0.16102367653508765,0.5277873245614032,0.4634010603070173,0.12515603947368406,0.0973463125,0.19822839035087716,0.733715439692982,0.4605493662280698,2.1227549254385987,0.24750454057017524,1.435043507675437,1.1973629024122805,1.0710075296052615,0.5141678925438595,0.3129676337719295,0.57174950877193,0.4784209210526319,0.08031306140350881,1.94107496381579,1.0799603245614036
2.245859608552631,2.8339656853070143,1.9117390186403491,3.5911110285087706,2.196604325657897,1.6373902500000013,0.0,4.251223293859651,2.797006334429824,2.0807565690789462,0.800507117324563,1.6983009133771942,2.2706436875000002,2.1427949682017506,1.4338717982456133,4.270613536184212,1.5770997434210532,3.3545311315789434,1.3868760942982439,1.8983165098684192,1.8599460307017532,2.242959299342108,2.396005182017547,1.892838222587721,2.1720643837719282,1.3551489890350885,1.2127487456140367,1.0807700910087719,0.2966654342105264,1.6454024276315797,1.3289232609649135,2.734106921052629,3.130316384868415,2.628914971491224,2.161812496710529,2.470558958333336,1.3792523223684199,2.7267455581140334,2.708558655701752,3.451931809210529,4.165830936403511,1.614565370614035,1.98676155372807,0.6280773673245621,1.2122854331140356,1.501461620614033,2.3695602675438594,1.2998243037280692,1.9200545241228062,1.5340728037280718,0.7558697861842114,0.764561778508772,1.154741283991229,1.3838342445175467,0.9803154221491218,1.3884789462719311,1.054782049342105,1.8197749835526318,0.9748724528508788,0.04470464254385968,0.18328516666666678,0.2665299166666665,0.27290851425438606,0.17689063377192984,0.3165110866228071,0.9622398892543861,0.5062799046052634,0.02615701096491229,0.2299582346491228,1.254303185307017,1.176202327850876,0.858682743421052,0.8609734254385968,0.36802912171052665,0.3958272236842107,0.9168705493421063,0.30859841776315794,1.236985740131579,0.06918363925438598,1.0161563322368405,0.3009453903508773,0.4537770548245616,0.1343181513157895,0.24232001754385973,0.21742100219298274,0.9473714462719292,0.7435881359649119,0.6417883311403513,1.7258744188596484,0.2519246140350879,0.9931914989035088,0.8314627182017549,0.8871191940789478,0.19674822807017525,0.28926459100877183,0.10909245614035101,0.6225315690789466,0.5431837269736843,1.141562126096491,0.9091714539473675
2.863214032894738,3.670428728070179,2.8730385263157894,4.549264267543864,4.2041374484649126,3.122488517543859,4.251223293859651,0.0,4.336591934210528,2.7525696293859614,1.1605857302631581,1.5487667028508756,1.5527825624999971,1.5426301348684233,1.3824904276315788,4.025777314692985,1.0607974331140344,4.13399563267544,0.7716634923245622,2.3751997927631585,1.7830910120614036,1.7332447149122818,1.9578470383771924,1.8312720668859663,2.870589344298247,1.5133468695175465,1.113902618421053,1.2810410043859628,0.4762857653508771,1.5234024572368412,1.842595271929822,3.060564819078947,3.150616615131581,2.7075644550438587,1.740302155701755,3.470462346491229,1.9510529495614024,3.303700446271927,2.7628002971491257,2.2787561173245607,3.3809218749999994,2.162921508771929,2.0664031524122786,1.144675853070173,1.5287817949561409,1.628588161184212,1.8327749100877222,1.057076885964912,3.1265235953947372,2.2468682927631587,1.9582257587719312,2.0459123377192987,2.20714041337719,2.741873846491226,2.463980628289475,2.8172754813596455,2.2699450405701747,3.247254905701754,1.5683262927631554,0.22488095065789468,0.16750191337719272,0.24679198135964933,0.24264096491228093,0.21632928728070183,0.5937977280701756,0.9818288728070186,1.3030392499999992,0.12436301644736829,0.5843720427631581,2.1550349901315777,1.6034570953947351,0.6781698793859648,0.7310022434210528,0.9159999298245597,0.771563555921054,1.478653555921053,0.5146751491228063,1.028184103070176,0.43467964035087714,2.0009983870614034,0.6789461776315784,1.0553433223684199,0.3570620460526312,0.2425137412280704,0.18267800986842114,0.7253162960526315,1.3244811798245608,0.6464037017543864,2.6839715921052654,0.7117866578947372,1.8614108037280706,1.6378152785087743,1.6206071392543864,0.7685588815789461,0.4567707072368419,0.41780103618421083,0.6022850515350877,0.4086101633771933,2.37029667653509,1.7195784791666657
3.1166144035087715,3.0343072456140363,3.485610564692981,3.2496197269736844,4.1795826502193005,4.502805857456136,2.797006334429824,4.336591934210528,0.0,2.4766925372807047,0.8415038618421067,1.1152618497807008,0.8789312883771934,0.8091051875000015,0.88319310635965,2.9985004013157917,0.5106713607456143,3.3271283947368415,0.22843411074561404,1.8993396260964914,1.1692818673245626,1.156216423245614,1.2206778212719305,1.4234544769736852,2.517688173245614,1.0833592182017542,0.5639667675438593,1.095487317982457,0.31645859320175446,1.0886871425438591,1.5522662434210526,2.8381601743421068,2.6434188026315804,1.907150699561405,1.1189696820175445,3.5670684484649136,1.8785118760964905,2.913977341008771,2.3626772412280683,1.7910318114035109,2.342433039473685,1.8043188673245616,1.6250179133771938,0.953646314692983,1.116595578947368,1.2008930317982462,1.0873074528508775,0.4444649298245613,3.8042431403508776,2.431545486842108,2.2582324385964903,2.329555468201757,2.3280325548245595,2.978506459429823,2.8412940372806994,3.176829648026312,2.470765486842106,3.5673218508771942,1.502626555921052,0.1384336480263158,0.04596029934210531,0.06627274232456139,0.04647453399122807,0.07951500657894735,0.3634991458333335,0.5997544692982455,1.3821811140350888,0.040566834429824596,0.46044004934210503,2.2454570285087736,1.351550283991228,0.29365118640350873,0.36381280263157934,0.8705492916666672,0.5936618739035088,1.4723669385964915,0.2913302149122804,0.6729229046052635,0.5124607653508779,2.1561771008771924,0.5276286864035082,1.0132109265350873,0.2769580405701753,0.03746770285087718,0.019411387061403523,0.3772051469298239,1.276820239035085,0.44027422039473674,2.8317359835526346,0.6305870120614043,1.9159921469298231,1.6921086129385967,1.6430901787280694,0.8358809835526316,0.4028584649122804,0.3386138607456144,0.3364658662280699,0.13771311951754386,2.6954633651315816,1.7570393848684223
1.7997222236842074,1.744103229166667,1.175749119517545,2.0752167489035096,1.889334192982458,1.6561617050438617,2.0807565690789462,2.7525696293859614,2.4766925372807047,0.0,3.880605255482453,3.6826658201754396,2.137661632675437,2.2370968629385963,2.2778423760964923,2.428042612938595,2.266541496710526,3.176881492324569,1.4300103355263187,2.8888546622807043,2.7703600712719263,2.777931531798247,2.239966572368425,3.8142422828947353,3.70232087938597,3.04176974342105,1.3542734089912265,1.8434390405701764,1.3222307039473684,2.0451028717105264,1.148327281798245,2.0811171228070156,2.306816047149122,2.434806114035088,2.326100235745611,2.685587410087721,2.567114303728068,3.877874264254388,3.6316740570175434,3.6038647763157843,3.046085141447364,2.0984004725877203,2.9750401370614057,1.1087027006578942,1.2145729473684228,2.140675097587721,1.8784235339912292,1.4576645910087718,2.359189338815791,2.5337825328947354,0.7452660186403514,0.5547842807017542,1.2991692313596477,0.9894241589912274,0.5674085438596492,1.0912325537280703,1.1450438015350886,1.4684667302631582,2.303386544956143,1.1576407631578947,0.9327881535087704,0.7760958662280703,0.5906978881578947,0.9179728333333332,1.6453995197368427,1.7956658947368382,1.0447135932017546,0.9122547017543854,1.2447448486842119,2.060783774122805,2.5375668212719313,1.1833580252192986,1.0986590822368427,1.5454850866228067,1.7604915405701733,1.811063143640351,1.4600653892543876,1.4339344254385988,0.2267617434210527,1.4378273366228045,1.5103230548245619,1.187566221491228,0.5017433442982453,0.7904278201754398,0.7001795087719291,1.2240873432017527,1.854934434210528,1.1554965910087738,2.4840130888157907,1.189903769736842,1.7374883146929827,1.7514719046052634,1.978059566885962,0.46016566885964916,0.8440862741228068,0.47305443530701796,1.1169568179824574,0.8406416929824558,1.3503314067982448,1.8017556392543854
0.3522752620614041,0.2700330482456138,0.015959177631578954,0.4272803607456141,0.34955020285087696,0.22550285635964895,0.800507117324563,1.1605857302631581,0.8415038618421067,3.880605255482453,0.0,3.9973686491228095,1.9279323322368422,2.6026620482456133,2.4219574024122785,1.29285539364035,2.23435744627193,2.316543370614036,1.697551996710521,1.9996667489035092,2.5679098859649137,2.036952833333333,1.8902862839912307,3.0550156436403526,3.399028757675435,2.923933167763161,0.5954365910087721,1.0792964374999992,0.8460985482456139,1.4897492094298248,0.24407385964912293,0.8247985219298258,1.4230152105263145,1.7658685021929812,1.2697125701754375,1.3734081567982452,1.601545361842106,2.2823717960526286,2.1205605032894757,2.06771852741228,1.9499477883771932,1.4237039320175437,2.1181285175438616,0.28200494846491236,0.3967948618421045,1.3784384999999992,1.1210956875000004,0.7976941721491216,0.939983012061403,1.3558587412280694,-0.019881346491228073,-0.027628991228070176,0.173893326754386,-0.002910418859649126,-0.029006070175438593,0.030071135964912274,0.07922493969298244,0.16625347039473684,1.2204147554824571,0.472503047149123,0.38248664912280683,0.36177995285087694,0.2486075307017546,0.5514558157894736,0.9165301403508783,1.3669578870614032,0.10801282346491232,0.4657471524122809,0.36507471052631585,0.8295929100877196,1.5937498267543857,0.5568234528508774,0.5615312105263162,0.43389536842105264,0.9326787039473673,0.8057044912280702,0.808402876096491,0.8415778574561401,-0.03299171929824561,0.18873037828947356,0.5505234188596492,0.21302487500000014,0.028803092105263117,0.19326364364035092,0.14443597478070175,0.6098692028508773,0.8794361151315797,0.4211648728070174,1.2518623092105292,0.17996135416666692,0.48875447916666603,0.5068898771929827,0.7783764868421047,-0.03419133552631576,0.18609059210526344,0.02033412061403508,0.4242411984649125,0.24197637938596497,0.13344582236842123,0.5836975120614026
0.6565535043859654,0.8374616030701743,0.3163896304824562,0.9408716907894723,0.8740958892543856,0.5298694078947366,1.6983009133771942,1.5487667028508756,1.1152618497807008,3.6826658201754396,3.9973686491228095,0.0,3.942902074561406,3.3621108245614018,3.353050968201753,2.3260164199561406,3.9155369254385937,2.670586514254392,2.569598512061403,2.361808198464915,2.9158320712719332,3.6038707478070213,3.350391848684211,3.897576331140349,3.552417860745612,3.709982086622809,1.4837517116228058,2.1748071633771957,1.6462938333333341,3.103160619517545,0.8130591995614044,1.6911986578947384,2.588619507675437,2.8688812598684192,2.475568337719296,1.6085766611842107,2.1993366655701734,2.666051433114035,2.869811229166666,2.8616300339912293,2.9276309758771926,2.1142992971491186,3.0302088881578926,0.7521795767543862,1.1484691239035083,2.3583905449561415,2.3870598070175393,1.9775659561403522,1.2419922105263168,1.6745324111842097,0.02670245942982455,-0.05242283004385965,0.6477445822368427,0.02927644846491225,-0.03289518969298244,0.07578949999999995,0.30508393201754413,0.26782024890350886,1.5275950548245625,0.9208067609649121,1.3689500043859661,1.4847239956140383,1.3924717938596485,1.3971680350877191,1.4381982631578965,2.4052498059210548,0.7152648311403503,0.991273072368421,0.7981558815789476,1.1868900745614026,2.0583400361842084,2.0149342675438606,2.01650753618421,0.7917513991228053,1.3983214572368439,1.5549145701754366,1.5686471798245607,2.44234237061403,-0.006243748903508766,0.3802566096491231,0.9716135230263147,0.7558126304824566,0.499371298245614,0.9316779002192979,0.8128834254385969,1.9610629013157903,1.5716573947368417,1.5978148717105252,1.5416572620614044,0.6040355197368419,0.8451342927631589,0.6647693168859654,1.0502980076754376,0.006576504385964907,0.976235702850877,0.37845188157894794,1.3824216249999994,1.3534787028508772,0.34879966008771934,0.8831775328947368
0.5999804725877199,0.8320771984649119,0.3485297609649121,0.8669270449561397,0.7573921480263163,0.36454247478070256,2.2706436875000002,1.5527825624999971,0.8789312883771934,2.137661632675437,1.9279323322368422,3.942902074561406,0.0,4.269345265350879,3.5313696458333337,2.9137962609649137,3.813083366228074,2.8481592521929864,3.0364387379386,2.0142199473684186,2.794445255482455,3.8840590098684205,3.83620322916666,2.9389265953947317,2.2775122828947327,2.2600672872807,1.4479706282894749,1.9457451710526321,1.4185814440789464,3.080051076754386,0.569072305921053,1.8213447192982446,2.771478734649124,3.2680032664473755,2.756098221491226,1.3138789835526328,2.294757416666667,2.1067152379385945,2.466055115131583,2.6413792510964935,3.272220308114038,1.2793285120614022,2.49978749451755,0.39106249451754405,1.0705951293859644,1.9469569714912283,3.0397191688596483,1.8031390789473671,0.8173487850877179,1.1870620559210514,0.039038617324561396,-0.06396520394736842,0.8673005372807007,-0.029669175438596488,-0.0482848157894737,-0.0013587280701754362,0.4715563673245622,0.2087190756578946,0.9877483223684203,0.6913096732456149,1.7191268914473656,2.1724177138157885,2.2627303289473666,1.9434023728070158,1.340427460526317,3.0017051337719285,0.9791780548245612,0.9675948881578947,0.9105438859649115,1.1992462631578962,1.8910736600877192,2.5234408848684198,2.7057054725877205,0.5231732039473683,1.0665539495614043,1.5319968782894722,1.6733601907894673,2.8072524682017534,-0.03936258004385965,0.3265885285087715,0.817636731359649,1.0902347335526301,0.320818506578947,0.8308862258771914,0.6145134089912285,2.1948280734649144,1.8615525756578926,1.5864946655701764,1.2192989572368427,0.6470976085526324,0.7596092828947364,0.26725874232456165,0.6904303212719305,0.027907005482456136,0.9131372269736852,0.1944567532894739,1.2097983410087725,1.278379364035089,0.15321062938596486,0.5470345723684207
0.6454249550438602,0.6556734758771926,0.20191438486842112,0.6900816359649111,0.5336612072368415,0.20174999451754397,2.1427949682017506,1.5426301348684233,0.8091051875000015,2.2370968629385963,2.6026620482456133,3.3621108245614018,4.269345265350879,0.0,4.063944006578946,2.648757858552633,3.791158856359654,3.2208161217105284,3.9531012785087674,2.071327395833333,3.5785753388157873,3.254464209429824,4.243126929824559,2.79062093311403,2.934906771929828,2.5646402543859694,1.918696591008772,1.9009916798245599,1.4909960438596521,2.7236027401315757,0.5648569736842108,1.5061407390350876,2.211980557017544,3.4619247993421087,2.622233543859648,1.3100197182017541,2.2206484725877207,1.7435810032894725,1.8628848870614043,2.068574958333329,3.2597148815789443,1.7503959791666721,2.637855788377192,0.5763794956140348,1.39808000986842,2.2685940932017523,3.201332447368416,2.3471716787280683,0.7914918782894731,1.1949100789473686,0.08340011184210519,-0.04206129605263156,0.8734590109649131,0.022534254385964896,-0.04818885964912286,0.047433315789473685,0.5774377565789475,0.33981298355263134,1.4341613728070193,1.1249057105263145,1.7353023596491222,2.2415453782894765,2.374009236842104,2.217312895833333,1.6986590307017533,3.178107258771934,0.9617316721491249,1.3550043442982436,1.0379530767543874,1.331252293859649,2.170661487938598,2.379584888157895,2.64613000877193,0.7309584824561406,1.5108028486842096,1.640687432017543,1.9212368881578954,2.5840523234649178,-0.018343563596491246,0.4195213311403511,1.0284380964912272,1.1122712828947352,0.5670584462719308,1.0422726644736833,0.8742474210526311,2.107918378289474,1.9018190778508763,1.5641084989035088,1.3848758475877179,0.6865294692982448,0.8296653881578944,0.5404848859649123,0.9376167730263152,0.07907157346491231,1.0901093749999986,0.3921217730263164,1.4156036874999998,1.3539332576754415,0.22979389802631592,0.6848863739035084
0.9893765274122798,0.44519839035087616,0.15291087061403505,0.5340746052631575,0.41886036732456083,0.7170067850877188,1.4338717982456133,1.3824904276315788,0.88319310635965,2.2778423760964923,2.4219574024122785,3.353050968201753,3.5313696458333337,4.063944006578946,0.0,1.95436651425439,3.1531058837719317,2.855257666666668,2.3834600296052644,3.440421304824563,4.014380359649121,3.0054987894736866,3.9433295975877196,2.8577937708333363,2.6602633706140333,2.6333745701754414,1.7918602412280702,3.6685498212719274,3.9793862554824497,3.9787603695175435,1.2512412127192978,1.1970913059210524,1.795940860745614,2.521012800438597,2.3679454671052667,1.9327840109649161,3.9732299539473597,1.6250186096491233,1.745727157894738,1.7798039901315799,2.5149263640350874,1.7451838508771949,2.6873427697368433,2.2790390646929843,1.4741543048245593,2.7808115285087665,2.427271134868419,2.066029271929826,1.7514002127192956,2.754513755482458,0.5255545789473683,0.13047806907894724,1.354467332236843,0.3617066710526312,0.07362964035087723,0.4810381951754377,1.0475909089912283,0.8096482730263168,2.095519357456136,1.8146650405701763,2.393168347587719,2.874509483552629,2.9151593947368415,2.9118837598684233,2.3798149484649147,4.128536219298247,1.4669900307017554,2.1308999331140352,1.635082254385964,1.8983638300438619,2.9912998804824573,2.8399547708333324,3.1450957883771933,1.3301358179824556,2.22950133004386,2.213769865131578,2.989920615131579,3.2634616929824536,0.46070732565789496,0.9347446228070173,1.6370747083333335,1.619283535087719,1.0910856008771923,1.5062644374999996,1.3045110372807032,2.5098363146929827,3.065736839912279,2.3541458388157914,2.1913303991228075,1.215069209429825,1.397013230263157,1.0860147061403511,1.5197853760964923,0.44655240679824554,1.6206849111842105,1.2065102006578952,1.9558133410087724,1.7643661896929814,0.8883879276315796,1.5201011502192971
3.464159481359649,4.04728809429824,3.071840146929823,3.8463272269736866,3.01355558662281,2.352630350877192,4.270613536184212,4.025777314692985,2.9985004013157917,2.428042612938595,1.29285539364035,2.3260164199561406,2.9137962609649137,2.648757858552633,1.95436651425439,0.0,2.132930712719299,3.4144496260964896,1.84910239473684,2.3147368311403516,2.28615116447369,2.9517243125000014,2.9652297028508734,2.3589894002192984,2.4785895285087705,1.962235641447369,1.79392273135965,1.7086651140350881,0.8317048245614034,2.3054697576754384,1.86763298245614,3.8560373771929837,4.321687141447365,2.8634053278508738,2.900378509868424,2.7455650888157868,1.9611760241228073,3.1104848782894745,2.934719882675438,3.2804061688596526,4.063446778508773,2.069775904605262,2.671285029605265,1.1357577697368422,1.7377213870614048,2.1233385942982492,2.9896395120614065,1.8838872160087716,2.3317764923245616,2.103537709429826,1.361462639254386,1.3494235997807018,1.7666760646929855,1.9154544605263177,1.5094840899122786,1.9298229221491225,1.629607992324562,2.316390127192978,1.6397120603070214,0.3899390339912281,0.6607674967105266,0.7184003453947353,0.6728365317982458,0.5771827105263158,0.783182960526316,1.4926130899122827,1.1103072905701754,0.275505941885965,0.7352832269736841,1.9305805438596484,1.775441591008768,1.4542249780701753,1.4223245592105254,0.9987286578947363,0.9533102105263155,1.5590695778508767,0.8176456885964906,1.8569869692982481,0.47273990460526266,1.7037647039473685,0.8249731425438601,1.061755515350877,0.5354126030701761,0.7342223092105257,0.6684153760964916,1.5659074473684227,1.3626458124999987,1.2582462160087717,2.380607969298248,0.8143831622807017,1.7202866491228075,1.5304530109649106,1.5659008168859652,0.6881510230263154,0.8382648914473689,0.4928125010964914,1.1895988717105277,1.1089689057017555,1.680937812499999,1.611711082236846
0.2587830778508772,0.2714566118421054,0.027876793859649147,0.32486290789473676,0.2468825471491226,0.09201699999999996,1.5770997434210532,1.0607974331140344,0.5106713607456143,2.266541496710526,2.23435744627193,3.9155369254385937,3.813083366228074,3.791158856359654,3.1531058837719317,2.132930712719299,0.0,3.2957149002193042,3.797774375000001,2.120082028508771,3.178118377192987,2.9912335668859664,2.649918442982454,3.6155924791666694,2.1883944418859613,2.3723065942982444,0.8831425614035089,1.2146423157894752,1.1749402872807009,1.9363018157894736,0.20631258223684187,1.1025210800438598,2.0557900427631584,3.754167493421051,2.1519034561403516,1.2250735032894755,1.8406698388157887,1.6920904002192994,2.0331553333333336,2.1889441129385956,3.082908979166667,0.9948387423245613,2.303884292763158,0.27566823245614047,0.5541147796052635,1.473622119517545,2.276011950657894,1.1848072719298253,0.5999021984649119,1.215063560307018,-0.005874052631578953,-0.04518177741228071,0.2704353760964914,0.020671424342105275,-0.020816798245614034,0.0020648574561403536,0.14366196162280717,0.16525428179824558,1.377202093201754,0.8530348870614025,0.9312842960526309,1.031197493421054,0.9084669736842098,1.2071455153508763,1.320424551535087,2.1840217247807012,0.2793256063596492,0.98284489364035,0.6181861249999993,0.9286175921052635,1.8512122664473676,1.1158359967105265,1.2073159232456123,0.616741790570175,1.303073700657894,1.1330499660087716,1.3610213651315783,1.4195093497807045,-0.04113603837719299,0.22779827850877188,0.8031768596491229,0.3686968684210521,0.04984217543859654,0.2991914078947365,0.21398781030701744,1.0512439013157886,1.288312144736843,0.6799294013157892,1.2479271622807007,0.3338921304824564,0.5639748958333326,0.537549162280702,0.8620177730263174,-0.0270142269736842,0.3848812993421054,0.025950031798245607,0.5997191951754389,0.5325505098684203,0.12184225328947364,0.5766258991228065
2.2738281962719284,2.2846172730263152,1.754476683114035,2.455768312500001,1.880529912280703,2.1687856074561394,3.3545311315789434,4.13399563267544,3.3271283947368415,3.176881492324569,2.316543370614036,2.670586514254392,2.8481592521929864,3.2208161217105284,2.855257666666668,3.4144496260964896,3.2957149002193042,0.0,3.2738934517543887,3.6024145317982454,3.7015733530701755,2.5908407072368447,3.064188662280701,3.1575114649122837,2.7427080548245604,1.9760055668859637,1.536724448464911,1.888384885964913,1.684171100877194,2.5120886469298247,1.3121201567982455,2.5063554506578947,2.841327091008777,4.528738745614031,2.2477951524122814,3.809249058114035,2.516552809210526,2.8898543640350853,2.710861541666667,2.647322572368421,4.181314277412276,1.6378847927631595,2.2353485043859656,1.144549066885965,1.3011908442982456,2.0049990361842114,2.5558848300438632,1.8222188037280727,2.774809491228071,2.6381937061403518,1.2198730932017545,1.1640326030701753,1.6968711831140364,1.6946329692982438,1.2971435734649104,1.7333431458333348,1.5912607335526323,2.192197359649124,2.2433561260964914,1.0540042017543854,1.0198752412280685,1.1041299736842107,1.0541663421052652,1.0680854999999996,1.5196430734649116,2.026592196271928,1.2615369364035085,0.8683483519736823,1.284696131578946,2.250749262061403,2.491395883771933,1.4844886260964925,1.5593626063596497,1.546925492324561,1.6780608640350885,1.8303764967105287,1.4921997160087737,1.8185838771929819,0.5426175625000003,1.7680272105263173,1.4857693640350875,1.368884973684212,0.4783821041666669,0.6017927456140354,0.46573673026315815,1.4256987236842102,1.8698337335526274,1.185582224780702,2.6711775307017533,1.2789609989035085,1.9315706929824585,1.8460365614035057,2.0181855296052613,0.8035921184210529,0.8530179912280687,0.467196441885965,1.015988572368422,0.945826241228071,1.7912395339912268,1.9415898475877194
0.1217432905701754,0.14410720285087714,-0.005776676535087717,0.14106998135964927,0.07548446271929828,-0.004364951754385967,1.3868760942982439,0.7716634923245622,0.22843411074561404,1.4300103355263187,1.697551996710521,2.569598512061403,3.0364387379386,3.9531012785087674,2.3834600296052644,1.84910239473684,3.797774375000001,3.2738934517543887,0.0,1.214548031798246,3.2380166864035074,2.281890947368421,2.433055182017542,2.4013931326754365,1.839901142543858,1.396026344298242,0.5028363991228064,0.5599827839912281,0.3714009144736837,1.2325634989035088,0.023071211622807036,0.6759931732456133,1.3922118453947345,3.6997355679824593,1.546744735745616,0.5793375986842102,1.0858751875000001,0.9322196896929824,1.0687650032894744,1.3253206984649126,2.750333834429825,0.40269463815789514,1.4832576677631597,0.010867567982456137,0.207952605263158,0.8261111173245619,1.9776352258771936,0.7868595559210525,0.1428229243421052,0.4286500986842103,-0.028891228070175426,-0.03198589692982457,0.08679968092105245,-0.021458120614035098,-0.03331874232456141,-0.028362969298245624,0.015268582236842106,0.05539792324561407,0.9187391600877188,0.469594014254386,0.5182259210526323,0.5994934331140336,0.5018003081140351,0.7823854243421057,0.9260855844298249,1.6459204374999994,0.056586142543859644,0.6031560449561398,0.3437964868421057,0.5406489407894733,1.364318868421054,0.6802646567982452,0.786899719298246,0.2933658530701753,0.8778309506578941,0.6751096436403521,0.8567431348684215,0.9322376907894732,-0.029072730263157896,0.0618559978070176,0.46270393201754334,0.1315705098684212,-0.04562418311403514,0.04543641228070178,-0.0024492916666666777,0.6271681458333337,0.7082171348684209,0.24566651425438604,0.7158577335526314,0.12249522478070171,0.2545149451754385,0.22647923684210555,0.45940347258771874,-0.03087901425438595,0.08527714912280704,-0.030473755482456136,0.19765150657894706,0.1654491666666664,-0.017493633771929813,0.22515437500000018
1.5613284078947367,1.1841633048245617,0.7544320241228065,1.3142205723684202,1.1557119747807014,1.394805620614037,1.8983165098684192,2.3751997927631585,1.8993396260964914,2.8888546622807043,1.9996667489035092,2.361808198464915,2.0142199473684186,2.071327395833333,3.440421304824563,2.3147368311403516,2.120082028508771,3.6024145317982454,1.214548031798246,0.0,3.2020286052631595,2.2350901721491234,2.8187542993421095,2.805388245614039,2.380673218201755,1.9713133048245595,1.483514476973684,3.1023251743421,3.358889221491228,3.2908446282894777,1.5835582247806992,1.8274011776315797,2.217773623903509,2.8815932269736826,1.9726466041666677,3.11877267653509,3.508053684210529,2.3693621962719313,2.2600400910087712,2.1876304879385944,3.052079439692985,1.2775186754385965,2.211038287280699,2.405781717105265,1.3671380142543852,2.630032832236834,1.8248560953947368,1.6131619572368416,2.3537065493421006,3.605511745614041,1.0336717324561393,0.9020442456140348,1.573021817982455,1.287982685307016,0.8340834846491215,1.2183393706140349,1.4148771743421027,1.5703556469298228,2.625248346491227,1.5674647971491236,1.5090892236842124,1.4929316721491233,1.3586416831140355,1.569892830043862,1.981197439692981,2.715726023026317,1.4344976633771962,1.3471885285087721,1.579590853070174,2.4160395043859606,2.9892795570175412,1.8074179528508774,1.8524023771929876,1.9468050822368403,2.187247461622808,2.1198634934210503,2.240805935307016,2.2893628914473663,0.8874961864035086,1.7918534901315801,1.918160872807019,1.576349474780703,0.9625541655701746,1.0554350899122797,0.9098598739035098,1.7400885427631583,2.4803707247806983,1.7853974495614051,2.9110254342105257,1.6095690789473696,2.1013307346491237,2.0625542839912256,2.314754942982455,0.8864699243421056,1.2785164703947374,1.1838460010964926,1.554243091008772,1.3314884440789454,1.5844910559210497,2.2641008070175457
0.7383985208333337,0.746284266447369,0.2784741896929824,0.8565096282894715,0.7038167028508773,0.4546159912280706,1.8599460307017532,1.7830910120614036,1.1692818673245626,2.7703600712719263,2.5679098859649137,2.9158320712719332,2.794445255482455,3.5785753388157873,4.014380359649121,2.28615116447369,3.178118377192987,3.7015733530701755,3.2380166864035074,3.2020286052631595,0.0,2.5640847467105248,3.369315184210526,3.1598360416666624,2.6598717127193026,2.146784714912282,1.3967972324561402,2.3600443651315817,2.8705788958333343,3.128511731359652,0.6986918399122809,1.4280932499999996,2.039595007675439,3.4292135021929804,2.030742052631579,1.8741686754385964,2.8318755153508786,1.9951662982456146,2.0250105197368424,2.082236982456142,3.1603565219298235,1.1517493399122798,2.205595009868419,1.2289654835526307,0.9387024276315787,2.1969430438596502,2.2538286019736837,1.8135656173245622,1.1797977478070174,1.9487848782894757,0.4605763739035093,0.3358154572368425,1.0902090899122827,0.7040102160087727,0.2594531831140349,0.5609107949561397,0.9504615274122805,0.9998608125000009,2.3807095679824566,1.5775328771929817,1.5543711600877204,1.6041718662280693,1.4925502269736863,1.7327273421052616,2.088767123903509,2.7855894276315762,1.071874872807018,1.4851036326754403,1.3896633234649136,1.907295740131577,2.801395417763155,1.77016630482456,1.8800042478070162,1.5979316162280672,2.1285764780701784,1.8841781622807008,2.173335053728074,2.1611063826754364,0.2117305021929826,1.1567783234649123,1.691421531798245,1.1670525219298253,0.3979553936403508,0.7846332236842103,0.5952798519736846,1.640851598684211,2.117033381578945,1.442182020833334,2.283356786184211,1.1681031063596494,1.5681013848684207,1.5770027642543856,1.9086298475877204,0.3580107642543861,0.9820283059210526,0.5623539429824561,1.2039058793859632,1.1178630482456153,0.8850446896929826,1.6110391129385973
