0.0,0.008873814678874936,-0.008062716118071744,0.07821880948200421,0.06853264255091052,0.053671014797341154,0.01895548958157134,0.04969173707480179,0.00232781829976636,-0.014595030335084802,-0.12713182797075062,-0.20170250847577187,-0.17881533127080107,-0.449837594795367,-0.36350414782887863,-0.006094955939387692,-0.3143208739176111,-0.05883793877630206,-0.22972169978352264,-0.07882559532069622,-0.3738687235396583,-0.08963753206972447,-0.1798427727548364,-0.1310914014145078,-0.0399327142106638,0.07271626150787092,-0.053885389441248877,0.07272164930966785,0.02322238662069165,-0.03241888786173641,0.12610761892522393,-0.011704142822382302,0.02860848376770253,-0.2026513823475522,-0.01719624676693665,-0.034132331337787924,0.12632831055381621,0.058255250500653055,0.07877434906498637,0.03911946559979196,-0.03305790963290467,0.06862422609225827,0.04879911906978052,0.16856329773086332,0.005374652750746112,0.021112691216081725,-0.14390514161660184,-0.09708828356461863,0.06337259835984588,0.006389189908048376,0.09698297278868462,-0.004501014367208622,0.0058143008616795555,-0.06213667629886799,0.028892786459216113,0.08235831837733865,-0.04926259227097041,-0.010439264610480503,0.015414847499576778,-0.009919464820612626,-0.01176925790108305,-0.03508540179528406,-0.016823171852964447,-0.10189627511352743,-0.12981305160912737,-0.28317006477759943,-0.0209075712049418,-0.037018508384103345,-0.16769894482286893,-0.2655109058780418,-0.27778043862822177,-0.07123759829285839,-0.15252376283705646,0.0697970624471145,-0.08330339772310572,-0.03012164410574336,-0.12212591612018411,-0.13369794674084723,0.1373399126438484,0.08538770096815629,-0.12107206653692143,-0.18434271994697382,0.0736900326373611,0.03929859480947147,-0.032938168422462916,-0.10060066172716786,-0.13128390250747313,-0.007848499545185739,-0.2106865571303651,0.011813214189513255,0.11839110308075362,0.1516051119655033,0.1945270469411059,0.07303363964221207,0.025847318613555686,0.11666520758236004,-0.11825330162675601,-0.03974372581373062,-0.012659282436396024,-0.19238218833911647
0.008873814678874936,0.0,-0.022637163222059442,-0.03161797796087917,0.02698643391436839,-0.06255225204842851,-0.11609002530391788,-0.09518728479155625,-0.053683555029049757,-0.2380408640809213,-0.060574819921588474,-0.17847905287837973,-0.07941354751579555,-0.15320704823856224,-0.06106140064590837,0.00026513931431892956,-0.14386553606786273,-0.17880619321162694,-0.06710870068610042,-0.14691183986997247,-0.14816753741115152,-0.19004072338805278,-0.1915724782358832,-0.1912049050777056,-0.151378759395977,-0.07314216750578106,-0.18120585056340566,-0.04102933579779344,-0.010288757756529543,-0.09827874630859734,-0.03850165718960108,-0.04480695433871862,-0.07818404204743601,-0.33285216163549936,-0.21111990180233486,-0.13481393226081506,0.021821445972246334,-0.07435683148586936,-0.1599725935120162,-0.18388989237815334,-0.20060659647359946,-0.06156143880803544,-0.14234956011310373,-0.11309383853373478,-0.20587893647050004,-0.13218782922589734,-0.2578756656653689,-0.17060343376628867,-0.026611587461925268,-0.11337397135725169,-0.11117721795495417,-0.19631159117448083,-0.10840109575083479,-0.1926909463706541,-0.13218220515668122,-0.07604844902902563,-0.16404819354656697,-0.14365707509731385,0.010422508398206687,0.014565578344474538,0.022538348789981406,0.01619727344234783,0.04056575808794494,-0.006821229141986827,-0.04737665608958083,-0.08235949186622119,-0.19924369386740448,0.015294216981863819,-0.18957535501283346,-0.35659823158881965,-0.24638012934365683,-0.02879029711739154,-0.13128602545551976,0.061375993177779586,-0.053564644084588386,-0.102704476836183,-0.04596885337691091,-0.1766900804352122,-0.021042558177497728,-0.1100366984437553,-0.09941374715476423,-0.31953698582670376,-0.09703702808568843,0.05567966798175093,0.029424308801545715,-0.0475933561269532,-0.10286636161998619,-0.04536471906554981,-0.2778847199152432,-0.04247765953065952,-0.017821421126670067,0.041944354928216354,0.07699898218818768,-0.01876795701824896,0.038311399930191115,-0.12106094126191635,-0.0933803064111246,-0.033802136934478456,-0.10369119619083755,-0.22630106639942105
-0.008062716118071744,-0.022637163222059442,0.0,0.004652210593307338,0.0302655420262945,0.024567929538981126,-0.09056552155257913,-0.04461477593501639,-0.07264605267035984,-0.16864413450174887,-0.02538155870282617,-0.02893964604487531,0.04171240083629468,-0.05608488201260775,0.07639421466548198,-0.03291197847210592,0.0002153790686523771,-0.12588075740043325,0.010768374911857627,-0.06456312700259537,-0.04431239873145465,-0.07348081832444842,-0.059586717824505364,-0.062408282048569796,-0.053838656837026155,0.04768062974911147,-0.06530746499337131,0.06967350665651251,0.025122413941304232,-0.02347380796595544,0.10712287436890233,0.0010599973945142338,-0.0135778895505414,-0.20757571465490532,-0.12154382661688179,-0.06656115373441729,0.07691921587126982,0.023574396037825185,-0.07022937267656792,-0.07216106743950079,-0.14470796774693961,0.07053258814943097,-0.01811655262099987,0.05407166510831074,-0.06361769907485781,0.036438585265415546,-0.1531593380013534,-0.04887635194195288,-0.01907497952628745,-0.048195709718928725,0.018456061213121044,-0.11302669457254444,-0.022236406209454218,-0.13929514922505226,-0.061603948172279877,-0.0016388258941151257,-0.11117292559020098,-0.07672283422886128,0.0883760776428611,0.0006023120592881029,0.012797578520759294,-0.005493188825661414,0.00877279356701641,-0.0040843310345800195,0.024154772599706668,0.015070173330230722,-0.034769077723952546,0.02645345386275172,-0.030372663056354804,-0.2545061940648441,-0.10963061591780798,0.012481115494725609,0.027886678449540396,0.06359232521365712,0.0007778304211090298,-0.03162518164382039,0.030373397835928274,-0.02157220946155581,0.06496430875218595,0.021166505119311063,-0.016654289029446614,-0.10741871832162855,0.02012910075379379,0.03711416743879393,0.01624428926214249,0.0333791342725786,-0.07635314755387265,0.009105291493907595,-0.20528852517346663,0.05514147713234055,0.03897850471032982,0.1664182316875384,0.13660988502355081,0.04802055312165052,0.06473581205223672,0.04072282233668975,0.0013641736299148874,0.010563364295989183,-0.07857651747334549,-0.12851797842627077
0.07821880948200421,-0.03161797796087917,0.004652210593307338,0.0,-0.036103613745984475,0.03784500061699081,0.027814842013595076,-0.02013284821175887,0.04736060478719084,-0.16686778164311278,-0.06373961031547887,-0.08347854715265046,-0.004885440574407318,-0.08922439940486393,-0.0020166905567780002,0.06920385398333284,-0.04809827538500594,-0.10626096081189518,-0.0605656585117334,-0.09451096139363702,-0.10801102444364796,-0.09044772167809034,-0.08975964741637088,-0.13926323354205583,-0.1286905887382277,0.000812992077762198,-0.08277155522296353,0.027011667421164676,-0.03455682550628989,-0.08525934071261343,0.007050802984151616,0.02414734845152333,0.014327936833643307,-0.2802412234197804,-0.1565699120127495,-0.1436308692249142,0.04858345105630013,-0.02492948088368374,-0.09120294949442087,-0.10737510304549325,-0.10511733059739292,-0.015529923954276548,-0.09505845217041542,-0.045313250338468114,-0.1417463217620012,-0.06826160269997761,-0.19035942294945585,-0.110335433131664,0.025118945929936576,-0.11147165634343326,-0.08642557449088906,-0.18562254629590447,-0.13076735540418327,-0.20796455091104304,-0.11960372948045084,-0.06514350135386371,-0.17956788366615428,-0.14480320235727717,-0.012626892402832768,0.010207580209567326,0.006459903011648865,-0.017267577910814,-0.0022446042407062473,0.0008834591477689408,-0.0375739490642803,-0.09383139662308898,-0.1839141090427059,-0.005898607325689629,-0.2507313616587698,-0.3750958151054853,-0.21442571284622325,-0.06127987434774643,-0.13976771265583593,0.025012897120212152,-0.04976462981962548,-0.12203098660235856,-0.03870942447255602,-0.16307555396076573,0.0190314078841603,-0.10208841172011596,-0.1018525681516898,-0.3848064671123149,-0.030162543563490685,0.04108149405920359,0.024703813642325108,-0.10250821542350655,-0.10068745371467347,-0.03151041537273641,-0.2778204336393646,-0.08149407860537511,-0.07017409747137182,0.029388313882071193,0.035186464598493394,-0.052423607078892154,0.04802322445986337,-0.025247330960541048,-0.07578532829863999,-0.05708121295551978,-0.09220067916878016,-0.2400146819470328
0.06853264255091052,0.02698643391436839,0.0302655420262945,-0.036103613745984475,0.0,-0.053925739694387076,0.04436394945211086,-0.03127624928428041,-0.04747300251382125,-0.14488506425226721,0.01276849867081209,-0.032942345472303125,0.04776642776908102,-0.030331686653834233,0.027443267646104386,0.05595127151026791,-0.061205690792999756,-0.19299071472894314,-0.01105429612314543,-0.12418685480129343,-0.05174254152211333,-0.05032200825365307,-0.06604722478422642,-0.09198227568821538,-0.07320291304930215,0.037780389638686795,-0.04656506091343671,0.07674781754526894,0.03737586839989842,0.042413641680063785,0.07190210748434644,0.04768397407908642,0.013866376237524403,-0.34270010072558743,-0.10486068116432579,-0.2269444772169591,0.03837993806058626,0.016809008486354138,-0.06504030429570529,-0.09062920828044785,-0.14140605428160535,0.03232115659375134,-0.03466701927850524,0.015640977509590703,-0.09277425006698503,-0.02163458649940786,-0.12085804956422441,0.008357100573982923,-0.045132772225979334,-0.15435739897825385,-0.07996478001776564,-0.17242319911011217,-0.13109491360636372,-0.21716520806185535,-0.11549960340158938,-0.07655641296116622,-0.1798222656540842,-0.15301880917879407,-0.03789163888065872,0.018088088530208147,-0.015768502954532648,0.024823231229198384,0.006493995494161452,-0.006373071970017499,-0.049274896231737114,-0.043438129350707566,-0.22453528408994794,-0.02126454801291814,-0.2427289216766797,-0.35453548176510385,-0.20312014066113737,-0.027056464566762563,-0.08713610603528517,0.002712756487279089,-0.013920678840892209,-0.13290265116418531,-0.035824886105940125,-0.09399618315281755,0.032966075767191017,-0.08055752621354095,-0.13717258500803836,-0.41631101868266074,-0.020734258535707706,0.07881751375021126,0.04148033480707404,-0.03785664396118907,-0.12232751234346007,0.043694720475828175,-0.2709176778536948,-0.12753651272070837,-0.07503668457720103,0.009886663095136194,0.0074195804140588795,-0.07649962177751579,0.06272415625881464,-0.023655836404213093,-0.03452445218804684,-0.00927735292914762,-0.12337414667244762,-0.2269806192601691
0.053671014797341154,-0.06255225204842851,0.024567929538981126,0.03784500061699081,-0.053925739694387076,0.0,0.027838754823151568,0.019349392141928767,-0.000583792061551236,-0.07323886408797176,-0.02810784460498117,-0.02605469499915447,0.08944512108295338,-0.04883227557891909,-0.041096243851188485,-0.03949908963727555,-0.04815599356913186,-0.07987972694900503,-0.0022837749055113674,-0.09337634080075485,-0.09240414382016104,-0.024165186022733653,-0.054943011532548436,-0.036191492402127046,-0.026442596314944833,0.07339806616672351,-0.03167636263538676,-0.07376088343346687,-0.06082388522804216,-0.12757846779277515,0.10573753019405419,0.0247082364930602,0.01624290611426016,-0.17304315011705307,-0.005697770286849035,-0.08270981324391657,-0.01745745744133087,0.061008608767696426,0.041646740247926806,-0.008721502760620226,-0.04088088282351521,0.08844753028572194,0.03619450928667822,0.006303114035087987,-0.03839052824434175,-0.09413729754047662,-0.11507628718198226,-0.02175975956873677,0.0002626894074002628,-0.10754124358323658,-0.001081330685536841,-0.10651102371735233,-0.028755950693152066,-0.1121181052666902,-0.04751204473402204,0.014410092870339675,-0.0787278521958028,-0.045363980178542374,-0.0033517714362278905,-0.005296839482145884,-0.008440718057200886,0.0035671607540756975,-0.015480595824871692,-0.00014795425762959002,-0.060287816053900725,-0.09068362390350901,-0.12788904207212137,-0.020180528431206626,-0.21951656719270038,-0.26505645207522055,-0.2366379766704746,-0.03758059607167029,-0.09272462233810004,0.009256615847294813,-0.01081545945097892,-0.1045544865318424,-0.08480433904848528,-0.15847543170375605,0.07820452147501072,-0.00032136361905421573,-0.06048179934915665,-0.29185593267332377,-0.028324692104558236,0.016943881917413958,-0.07176216016881029,-0.1707854038613417,-0.14437015837775757,-0.12484826399700993,-0.19180733822699425,-0.0828257102336829,0.006409687739745928,0.06676697315183056,0.05032047172744769,-0.0049774804464940425,0.03271124791983909,0.020934991087042665,-0.19390532975122654,-0.0898576331302532,-0.04062132878871183,-0.1924983346025837
0.01895548958157134,-0.11609002530391788,-0.09056552155257913,0.027814842013595076,0.04436394945211086,0.027838754823151568,0.0,0.03820815881141648,0.1145781768735521,-0.21658266886317667,-0.1199833842831538,-0.08377455607618067,0.0043884527733109024,0.002235913539370582,0.03927552493371533,-0.004853074748270458,-0.03455750738280461,0.022431472414957465,-0.06793147804902344,0.1043974744986449,0.03032712073390731,-0.11312631480579993,-0.023726959461551456,-0.09420608609395242,-0.186401516549616,-0.13133228749224202,-0.1634068524567014,0.06236427750394813,0.019307135175156476,-0.057357112561346346,-0.035726173118687976,-0.02587083457437922,-0.006252647285922119,-0.0360676265795159,-0.15118684734091836,0.13476485543944694,0.16622760211118504,-0.08591944510140248,-0.05102443754583552,0.012818725609240023,0.01143651196620965,-0.06799166154030445,-0.15621842054845558,-0.041745240392480065,-0.18389377267374551,-0.1275559999647462,-0.152450182616914,-0.15270415929443937,0.17124247589129493,0.15776866867984074,-0.004306815101961625,-0.05146274560698405,0.0008992936375311622,-0.08143073940528378,0.017350502534974388,0.015256168136882575,-0.08029342654213845,-0.062254228666017486,0.11601295445859527,0.017205144151576725,-0.012058566452304326,0.03826669158628057,-0.02167766259448861,-0.013632015745755122,-0.11579370437397746,-0.09633258984529303,-0.04238511468734141,-0.04423530414762789,-0.23941891004541105,-0.28146301083446224,-0.22665875253497703,-0.1352847935564404,-0.2029826871015965,0.12725047219284186,-0.013312917794888746,-0.04068919342316668,-0.10026764333009025,-0.18508486115459477,-0.003533077787414657,-0.01347386712007248,-0.09394933955265955,-0.2346857393876573,-0.08893945318581822,-0.0764555901731821,-0.0784106537555703,-0.2397701968148862,0.003036312813786135,-0.1370597556763693,-0.1986593592753989,-0.04193122519320802,0.04918409697424886,0.14274656064548497,0.17827831305000952,0.022820517459242767,-0.051935576193800514,-0.05410948276640132,-0.2577480965159086,-0.2684386524475374,-0.017579520205760035,-0.13825533061854844
0.04969173707480179,-0.09518728479155625,-0.04461477593501639,-0.02013284821175887,-0.03127624928428041,0.019349392141928767,0.03820815881141648,0.0,0.040509641606026214,-0.19702205228606307,-0.19595785816127798,-0.14333800454462198,-0.04922710952572573,-0.14743225741453503,-0.08206823153240772,0.04340573913028267,-0.1171191392332327,0.008012590874789893,-0.1958642343635415,0.00887929758631234,-0.13187602009293609,-0.1526948059880393,-0.1722093667675011,-0.10895888488252403,-0.16816115409403398,-0.10699526231525236,-0.26658574492299736,-0.004284014906641653,-0.0654162603725954,-0.17690748166991122,0.009447853923391536,0.019770555413351598,0.04819912317016639,-0.0457428472069461,-0.20688008224036825,0.10609360372595811,0.07606918750352354,-0.04312795565733163,-0.06760929449074649,-0.08158728460469877,-0.01176359766881152,-0.030710886726463382,-0.14549824308611203,-0.029200722492527253,-0.1812346970052745,-0.14019734042350596,-0.26810449184153695,-0.270811358408078,0.07709682690598862,0.0939873667181419,-0.09003953061713643,-0.18676741790771034,-0.11366234224981975,-0.19477845575957975,-0.11749204695168158,-0.06852187233810536,-0.1595181362786997,-0.12959764413747354,-0.008282665436201153,-0.02370164741284489,-0.1298550834073734,-0.06256939806157277,-0.10341646595588622,-0.11865485419839777,-0.17111034588480822,-0.20124559986179147,-0.18792537057877978,-0.1425197809802844,-0.3777620762079029,-0.34348295520604344,-0.2656565798464239,-0.19955625566226687,-0.3278943803731609,0.04405046037118254,-0.07671878169952506,-0.1670505469728365,-0.18664440393185644,-0.29269547570795895,-0.041856372510859,-0.09833066760097475,-0.19838038185395224,-0.3921571792392975,-0.06298474494415329,-0.067791278064534,-0.12304535026019608,-0.33844837275765893,-0.11089193593106672,-0.17672682236136938,-0.25597656545100467,-0.10412057361651628,-0.052221900451994374,0.011825641852826418,0.05292907816113934,-0.11377312485192248,-0.04739655642875329,-0.03500498310839362,-0.26017305135880353,-0.304769109934704,-0.0775943202494771,-0.20880835363076033
0.00232781829976636,-0.053683555029049757,-0.07264605267035984,0.04736060478719084,-0.04747300251382125,-0.000583792061551236,0.1145781768735521,0.040509641606026214,0.0,-0.12976491931093426,-0.09377220568200895,-0.07200917594277079,-0.0033535540665361463,-0.1044949700562674,-0.028904154090511947,0.10484166819682006,-0.07000446883637967,0.026817253257742646,-0.061848873177215546,-0.02354864399997214,-0.12044464071402161,-0.05260939669007758,-0.10670566425861505,-0.07890820469834048,-0.11539601324956106,-0.020186846106928114,-0.1249638401731824,0.054659096117504635,-0.04487699200724904,-0.11450236549472548,0.047148339884075074,0.010353528039853899,0.08560843607209678,-0.08377987278586363,-0.12194163631042931,0.0869447314231131,0.01278841628941585,0.02176313843642186,0.010787508109096233,-0.034860111426071816,0.02961882725503351,0.0210635039805096,-0.06900874257135858,0.011999867747646054,-0.11111686478253602,-0.07178791032394138,-0.17209267255104987,-0.13487240136514966,0.07676949404862654,0.08719099488069393,-0.0379044102781072,-0.1376065671680191,-0.06604425546482773,-0.14566609684027254,-0.06678385339454262,-0.02383951274539342,-0.1036509826112697,-0.07182086294917278,-0.03229174632975207,-0.03954498862963282,-0.07430471351963099,-0.00699389754682124,-0.007794115526456792,-0.06955955290658321,-0.15386917892550916,-0.12275412234162619,-0.15487870911603663,-0.07673828775667052,-0.25713364840709074,-0.28688079142691825,-0.23826771279333614,-0.12474731841964248,-0.2102420751819254,0.04180602478563866,-0.05596565664311515,-0.14786584918485834,-0.13127011306199565,-0.1837402143657978,-0.02987190667484585,-0.03997339429965363,-0.11912147758363001,-0.36171075835237376,-0.05233324560345837,-0.023458374319540835,-0.014776410366249187,-0.1737837984077969,-0.14029559054690988,-0.06878413008757833,-0.20864843445379666,-0.0669389429225179,-0.020235451140913963,0.026502011652425272,0.034011207666975185,-0.09363418043450633,-0.0020157183674626156,-0.019067544399079928,-0.1846118411674283,-0.11760066826380669,-0.03087452232822585,-0.17267304599974254
-0.014595030335084802,-0.2380408640809213,-0.16864413450174887,-0.16686778164311278,-0.14488506425226721,-0.07323886408797176,-0.21658266886317667,-0.19702205228606307,-0.12976491931093426,0.0,0.0687735320097822,0.015063833037173957,0.05209888991016287,-0.07485450040545416,-0.012005781459777154,-0.16715888223825548,-0.12758078624767455,-0.20066857519954784,-0.280203834891686,-0.04867766890900738,-0.08450502840652874,0.025177297071557803,-0.058893106088167,-0.002099643150285324,-0.0133595386204588,-0.004630285517858379,-0.16800414084800241,0.14031637497532023,-0.053636723705364764,0.008818016405058415,-0.00039944810529224384,-0.11074722767529899,-0.0798037470630959,-0.3810844743893509,-0.034939429849245585,-0.1295446027740148,0.2307550497087778,-0.018192803269724944,0.009364732258702713,-0.02914442625656477,-0.17908619617321442,-0.08011897435761695,-0.06093347708650221,0.13057902220130335,-0.13789769250296002,-0.0307417352097068,-0.12200478755217992,-0.1296717819815818,0.04787936132382686,0.09001277083685766,-0.03523720965546773,-0.00770052315676617,0.06154497090948707,-0.04411888602485026,0.022874875049359922,-0.04408834659347449,-0.0033749573073560413,-0.10506485494584505,0.22945703048668875,0.025385718141818225,-0.121455942954252,-0.11309005017064389,-0.07521635943052929,-0.15581988370846722,-0.16618038058470241,-0.10744613098663369,0.07220268644934336,-0.31003666802053464,-0.3147444471357228,-0.09667602652028373,-0.08613349384060687,-0.1080358300861668,-0.13474269589820453,0.22705530848775823,-0.006921999622754305,0.047479642032633995,-0.12696529563307135,-0.08053915977040327,0.05346158264934864,0.11347407295720902,-0.15231944356772154,-0.19286619651520231,-0.05170934058921528,-0.09652361390816067,-0.1532445105206759,-0.16129970502976088,0.05050588758673613,-0.04737517104910394,-0.08353643208453265,0.005121711859030098,0.21192234363188955,0.2981769464059052,0.31417360547117057,0.05179883927765583,-0.05765814066818953,-0.05870405343896268,-0.18246223989535637,-0.17144202084391136,-0.08132123307313988,-0.08717403920220668
-0.12713182797075062,-0.060574819921588474,-0.02538155870282617,-0.06373961031547887,0.01276849867081209,-0.02810784460498117,-0.1199833842831538,-0.19595785816127798,-0.09377220568200895,0.0687735320097822,0.0,-0.013022849269467507,-0.05266332692714659,-0.08655531831387142,-0.019455739066819966,-0.10438539735643504,-0.182496737007813,-0.21327311491650747,-0.23047672033127942,-0.09790037649841987,-0.10063449345630904,-0.07281020846730968,-0.1458708317643973,-0.052118726134567694,-0.07510655743710526,-0.06491515056481312,-0.2524263961294919,0.03700752753215397,-0.041048998378180546,-0.10249745616503048,-0.01628577379139179,-0.08605303755570415,-0.03354699204603295,-0.27147480327325724,-0.16281575458340614,-0.1536267756776386,0.18598931361059523,0.03448367708156841,0.03664308849847853,-0.00205094525653271,-0.16001772609225862,-0.17660228984740756,-0.14551797120211996,0.06792128608549108,-0.1552460159713997,-0.14678641639871493,-0.24787210349678301,-0.2225122426418752,0.03717153939259332,0.03993647113160592,-0.007854574787048011,0.009820050572572913,0.05833583157753716,-0.0004897114641507403,0.009496707959609604,0.002407994485812595,0.0007166342267445058,-0.07938531738661361,0.08500625387474048,-0.07182357342965545,-0.14784984283860758,-0.13033954875683967,-0.08705640820499763,-0.1671828337282113,-0.2076142583629481,-0.23817581711866187,0.03333290706619853,-0.21814169003144884,-0.2551726367405655,-0.15193890341710403,-0.1683754658501153,-0.18910764361214538,-0.20538358047046834,0.08396321729565076,-0.10853157257996326,-0.09886213899701035,-0.18823038756910349,-0.1945099624795501,0.005542836971850866,0.004248526199441466,-0.15629327567411266,-0.06542422467845663,-0.04467198506515495,-0.05614061680980975,-0.060210140974925164,-0.22180034055748277,-0.04850665657259989,-0.12395752590680931,-0.169465269567606,-0.0346901442256162,0.11756161099946322,0.16982184503864206,0.16910371192249052,0.021912140357928607,-0.050379005965476176,-0.025058586781463336,-0.23465042854473428,-0.198157668845546,-0.029553573129971006,-0.14116170337268086
-0.20170250847577187,-0.17847905287837973,-0.02893964604487531,-0.08347854715265046,-0.032942345472303125,-0.02605469499915447,-0.08377455607618067,-0.14333800454462198,-0.07200917594277079,0.015063833037173957,-0.013022849269467507,0.0,-0.0393398321910059,-0.06828422045467875,0.013990247944517975,-0.07209854467408627,-0.07949555366108552,-0.06224091018290778,-0.14093081269744046,-0.032165415682997356,-0.0038477743872324943,-0.055657921003268385,-0.09023649858267202,-0.03539452094968487,-0.14483398812898463,-0.031304691512241245,-0.21306414689809383,0.05293855887558596,-0.04172023419078119,-0.05890279205801763,-0.08486979722316101,-0.07036457040108246,-0.00391823187440421,-0.11714505202868564,-0.036255472570095204,-0.10486277933025923,0.14646802891422617,-0.008439586178571101,0.01926773720524899,0.009272001836888588,-0.05552938425142795,-0.21648318195056193,-0.0919630539642955,0.03439477289586479,-0.21011155776851775,-0.13753904025286046,-0.13197836018502995,-0.19714332038697902,0.056876548146895134,0.023962883853020367,-0.00843590391422689,0.023064629763214307,-0.027232035126501075,0.028902374509928337,0.018474916416342316,-0.012819265273311897,-0.06238385576380612,-0.019814776819963797,0.013649244535174354,-0.10992430012833598,-0.061866979536864264,-0.02044066354994789,-0.0915918170728276,-0.18121278484797254,-0.2608552770350312,-0.17044912333939743,-0.021273220306594398,-0.2628683584997461,-0.31230168755288457,-0.1919955331556391,-0.2159735297321892,-0.0752313208805786,-0.19394930304408442,0.09917455024820665,-0.12774826945125928,-0.135838860692729,-0.16197857258701442,-0.14369338179754632,0.0017145372701246712,-0.03786970546341689,-0.17498700430487457,-0.17677359138249493,-0.17908275320133182,-0.14654617373568724,-0.22327547488294608,-0.16829971283212042,-0.030055621340328464,-0.09155380996149942,-0.21417097588071776,-0.05491965068116489,-0.0032881252432725994,0.07706640370268592,0.08475545140534058,-0.049188039022395234,-0.16234549972146994,-0.13389273899983023,-0.3018567447749205,-0.2543981010076435,-0.02101772576437061,-0.14846666967761124
-0.17881533127080107,-0.07941354751579555,0.04171240083629468,-0.004885440574407318,0.04776642776908102,0.08944512108295338,0.0043884527733109024,-0.04922710952572573,-0.0033535540665361463,0.05209888991016287,-0.05266332692714659,-0.0393398321910059,0.0,0.018700432553454327,0.07199385162111316,0.04510771755655263,0.006924314781130203,-0.005350214044958612,-0.054594181675546416,0.017169712641730728,0.03613978281364005,-0.037528202350230355,0.039621151996242165,0.07418410021788269,-0.28154718655864386,-0.10411455837846662,-0.06423571897740654,0.11450588809443296,0.017407907101455233,0.003727739133806196,-0.0008051956866647059,0.019796185536187005,0.12624135201246967,-0.027251196575131864,0.05131545621791256,-0.0331920293091037,0.23928783467310044,0.0552215498356996,0.13491288683576164,0.12915491669134882,0.039004179496676006,-0.2507925297392404,-0.04308441866573087,0.09514907008024509,-0.049988414022394956,-0.0880032921743672,0.03984672191431038,-0.03982608503977092,0.12279648605234816,0.07568508807539254,-0.061810913222062454,-0.007824165362159463,-0.03288325693151828,-0.003250892480397151,0.007034968776442697,-0.02963365089975746,-0.06469581595518037,-0.06835949668937247,-0.0726038641267579,-0.0775417640534205,-0.060585159999580585,0.0011279196035713923,-0.08831116944491901,-0.14492769793253668,-0.21044796391098242,-0.10486930674254102,-0.06315641462881594,-0.17281865525046636,-0.2028591397585604,-0.20000820629547977,-0.20453726917273096,-0.09404998972965029,-0.20110885538655587,0.05524588561939431,-0.1310564105672125,-0.15207895450795617,-0.11678675133271943,-0.14239180832557885,0.01447678008475771,-0.11339587342048868,-0.14251533294903318,-0.14946961049881713,-0.14275936158825575,-0.1001532371453161,-0.18214635628208353,-0.19811521270871912,0.10854299044888838,-0.018421839252975136,-0.1912844864930614,-0.0446412338910972,-0.03591375569047184,0.0022029899129862307,0.00865904796003314,0.0025516646464432656,-0.15291609456972377,-0.03919983191952944,-0.2742643567404244,-0.23851388676876994,-0.04816182720567494,-0.12171081026823505
-0.449837594795367,-0.15320704823856224,-0.05608488201260775,-0.08922439940486393,-0.030331686653834233,-0.04883227557891909,0.002235913539370582,-0.14743225741453503,-0.1044949700562674,-0.07485450040545416,-0.08655531831387142,-0.06828422045467875,0.018700432553454327,0.0,-0.003264626861573028,0.045703762089609246,0.039724345105634384,0.0138970059548984,0.034054223846389675,-0.07186765239818005,-0.02726463867617257,-0.09795935005570611,-0.024213861172227347,-0.00400570032648373,-0.29433509623737386,-0.19194939191628357,-0.15455345079187288,0.005234628377615014,-0.11132313298922147,-0.0963421891288756,-0.15776696522254174,-0.032451219164269185,0.0629890071783148,0.004879857219924233,-0.09210207350369748,-0.09763784449921076,0.1604928102082983,-0.05752205458833992,0.015415407961725691,0.0760208265005311,0.06348591694871697,-0.37343354173364873,-0.17073602834306412,-0.07610536290686631,-0.20254268788077656,-0.14779461097831126,-0.08600874234219358,-0.1100909643587471,0.00759635417371729,-0.05504709468607172,-0.2357382868717213,-0.016853492194110666,-0.09982259353669576,-0.021213716675128315,0.010318613019687443,-0.04843572279573537,-0.09869614374259672,-0.08558195213868702,-0.1059257590257785,-0.1548024470299556,-0.1508528075534512,-0.120091608848786,-0.1868904062447143,-0.2425800655814574,-0.2923976477548378,-0.20980717852710207,-0.12161579408881606,-0.2895573470200845,-0.29813643128419653,-0.24039007269983648,-0.2521403223507903,-0.17170816971991965,-0.253800245247366,-0.028325118830032747,-0.20188131851836233,-0.22194688952586494,-0.20135554592570615,-0.1966723196218969,-0.010731621474304755,-0.12438161419726895,-0.22930351444124808,-0.1982957942756831,-0.24700715179880894,-0.18692482748773087,-0.27066680724318826,-0.24876272460441706,0.01899195244894547,-0.1335805010964919,-0.28286881157626853,-0.1016694406696016,-0.09324837711541722,-0.04440981499971808,-0.03920686041419985,-0.10307795065084344,-0.20255422950160917,-0.19720310800262225,-0.33019911957395465,-0.3028481796235938,-0.1146981952212722,-0.18024557143411168
-0.36350414782887863,-0.06106140064590837,0.07639421466548198,-0.0020166905567780002,0.027443267646104386,-0.041096243851188485,0.03927552493371533,-0.08206823153240772,-0.028904154090511947,-0.012005781459777154,-0.019455739066819966,0.013990247944517975,0.07199385162111316,-0.003264626861573028,0.0,0.0670379869231994,0.06673528570119203,0.0439722004287284,-0.02006156525004066,0.047111832155750655,0.030571665115361135,0.00012126857336403063,-0.02776692974346906,0.04263407951500886,-0.2214754943377364,-0.10205159702713074,-0.13149343722852147,0.07391991130407716,0.0072469725242481076,-0.0979534150483734,0.04232526416624238,0.03545756315577919,0.10331047489352363,-0.0002605693363211259,-0.03152610524199995,-0.07381168035341212,0.03861709864188967,0.041009040517290485,0.0868533894059893,0.09760062035666017,0.06166833188074694,-0.2896557568398448,-0.09142349071331601,0.15793410327819313,-0.1165159234712616,-0.06334268692531886,-0.04386053072643614,-0.09273216858464073,-0.027803639370736155,-0.01022850175226786,-0.2785572474191913,-0.10674230391140646,-0.08133056486926837,-0.020374785539008455,0.04846383649235634,-0.16009446720398363,-0.15334864727886943,-0.09991173340455106,-0.0997792599072076,-0.215593631455548,-0.15912732765343973,-0.13963998590074445,-0.19311033516669296,-0.2571425873984565,-0.29404691970228836,-0.21544293504259038,-0.09325755450724782,-0.32553572926538266,-0.2925821250352576,-0.21713694487575363,-0.2458101677490534,-0.1230439140541284,-0.20402433059386826,-0.03705062896288269,-0.20594885323588397,-0.21095240496488543,-0.23823526911279558,-0.1918074967281589,-0.04438154894017543,-0.1231645797653298,-0.22830133025187616,-0.1790322044621211,-0.1663210036244156,-0.13635849176045078,-0.2024958115938944,-0.17716270138418766,-0.05291470349608218,-0.10086765314562163,-0.2492267294945547,-0.11441461372130068,-0.060054483563209304,-0.08036426813617625,-0.04226500010929524,-0.25798341635287986,-0.17886738142029035,-0.10996785400448439,-0.2572691509526397,-0.23178584567679383,-0.1944734582205092,-0.2111299044430821
-0.006094955939387692,0.00026513931431892956,-0.03291197847210592,0.06920385398333284,0.05595127151026791,-0.03949908963727555,-0.004853074748270458,0.04340573913028267,0.10484166819682006,-0.16715888223825548,-0.10438539735643504,-0.07209854467408627,0.04510771755655263,0.045703762089609246,0.0670379869231994,0.0,-0.0537098113964567,0.03505688654665162,-0.04272543484515379,0.08759061892170061,0.06971458891099003,-0.09757069393086581,-0.00434959618449593,-0.11669588916976714,-0.13421582840441326,-0.12912685372947874,-0.1630935966146283,0.026077525610650687,0.006642242567834189,-0.030380792163789305,0.014404564449708834,-0.02568212119929747,-0.018154405176431965,-0.05352721877292366,-0.15187960267176948,0.05603251646852048,0.1692308119041579,-0.04030065225714585,-0.07872876684224694,-0.024862332748066596,-0.015545887086079624,-0.03283505359409533,-0.16432499611821116,0.0017749080005091677,-0.1665578637424534,-0.12401808415834337,-0.12948544613795043,-0.14778514733528048,0.11830814505767995,0.04642834930120987,-0.020575209620212087,-0.08357237128039285,-0.022456578393831528,-0.08065585137078868,0.002953485410669421,0.04068670993047463,-0.0941696925628972,-0.04820811718001394,0.0924874140047709,0.03389688286582587,-0.05067182161744732,0.00967586951049082,-0.014479673989535313,-0.05988634413606353,-0.17336640924860292,-0.06405866893015943,-0.07029470299895713,-0.15044927997898655,-0.33362801739930636,-0.29490309279630234,-0.20674287844460904,-0.1314733499041023,-0.19591683950330085,0.10917850998476908,-0.02334304670841203,-0.0732602453002471,-0.11867553969933009,-0.16440122041236171,0.048692274380182365,-0.026479411808258746,-0.1906171982921524,-0.34674010844333614,-0.1246818888912381,-0.17769028242934504,-0.23142860139547017,-0.2505737359113205,-0.00804375984726824,-0.14498940135457294,-0.2223422429204005,-0.06659514318553628,0.040707838833417886,0.1298766122510837,0.1620243892332327,-0.035703369256642525,-0.1011028288098651,-0.06505079472344427,-0.3057358678393096,-0.3042325637516199,-0.06247238685691525,-0.2103187923612253
-0.3143208739176111,-0.14386553606786273,0.0002153790686523771,-0.04809827538500594,-0.061205690792999756,-0.04815599356913186,-0.03455750738280461,-0.1171191392332327,-0.07000446883637967,-0.12758078624767455,-0.182496737007813,-0.07949555366108552,0.006924314781130203,0.039724345105634384,0.06673528570119203,-0.0537098113964567,0.0,0.03552842111962651,-0.006163715032152961,-0.06279876891888359,0.030399837000060437,-0.11764385755133366,-0.007130499139733626,-0.06017745009378128,-0.3106654102040709,-0.1734118397853588,-0.1403180205900605,0.02585315180233705,-0.08237439760675769,-0.05728276620409867,-0.052314842200456985,-0.14090891352527146,-0.032465658201470404,-0.03821661268827281,-0.07161948919726946,-0.09098308835039592,0.11982215071289448,-0.11302825894468649,-0.052889393354771386,-0.05289244333150078,-0.034650686428187694,-0.2894555181256002,-0.1816753503236579,0.03356511348507954,-0.12795054836901343,-0.14355424704194064,-0.06982412329709042,-0.15866787919557734,-0.008104496068849998,-0.060291931654396835,-0.06311155745473007,0.009307765996079409,-0.07718392293887855,-0.015771884339566743,0.014821127799402062,-0.008927846723923959,-0.10017704159262722,-0.09250056064548384,-0.18675476531914592,-0.23709679782605797,-0.2203272152013882,-0.19270609500338276,-0.18615605525469714,-0.28907770972950897,-0.4184193134166807,-0.2669881015858584,-0.08823074090723165,-0.3381941449448611,-0.4580027270900323,-0.36268417638348405,-0.4076563798548838,-0.1923077331930103,-0.22602001566113872,-0.0833692705230733,-0.2794789263517512,-0.28458712080794824,-0.2740220207205102,-0.17329659234148198,0.008338961622807013,-0.1467087182757943,-0.36711020144412365,-0.239204838974446,-0.0588337377446833,-0.12961164033677486,-0.11689432474121389,-0.24439475141733036,-0.10756253693518247,-0.10950050865205696,-0.38215489238167777,-0.1485928341477687,-0.13827834210878964,-0.08688445186720795,-0.10308330735953386,-0.04802085719876458,-0.1872466041948721,-0.0188864955329441,-0.2708318723486768,-0.223944795597817,-0.06544297822178043,-0.2888483323884472
-0.05883793877630206,-0.17880619321162694,-0.12588075740043325,-0.10626096081189518,-0.19299071472894314,-0.07987972694900503,0.022431472414957465,0.008012590874789893,0.026817253257742646,-0.20066857519954784,-0.21327311491650747,-0.06224091018290778,-0.005350214044958612,0.0138970059548984,0.0439722004287284,0.03505688654665162,0.03552842111962651,0.0,0.018786522493939195,-0.023554625758023473,-0.0445811067368993,-0.09660194871170935,-0.05177657887685472,0.04684569963897145,-0.2903321509632213,-0.14262516301757433,-0.23126584735502353,0.006578336125684592,-0.03617277693631071,-0.09585396078721953,-0.13932373709243073,-0.09294094805593245,-0.005104285197010672,0.030865256868051638,-0.14443303086746084,0.050274527567411464,0.01678187351920668,-0.13235547197777686,-0.056579593381564486,0.003118604522761803,0.0806874253222416,-0.18133910434294997,-0.16090999079088375,-0.03538828038091513,-0.24741031325802343,-0.17971477732061203,-0.1679725268693213,-0.20322840527514408,-0.012494811022732755,-0.04927696266993564,-0.30693970101046375,-0.3087589853542605,-0.2777450612589527,-0.31804835546059707,-0.23014943939682575,-0.24781311461682543,-0.3227508838107118,-0.32187795224798155,-0.07881934978775362,-0.14751338667005265,-0.2476750545918669,-0.1883889266373322,-0.19394196336097247,-0.24064196302250962,-0.318430158046342,-0.1884503567827327,-0.28464628546144377,-0.37955494063082007,-0.5772230677779686,-0.4607101334369901,-0.33840126735347065,-0.2483943578263368,-0.2841284901033725,-0.10433427294874953,-0.22214448966265943,-0.23659211422194892,-0.2564436505507106,-0.2440403157330635,-0.1926796079180062,-0.27240932645117644,-0.4232485941642692,-0.5519412546116078,-0.2732116803992492,-0.24244397785863392,-0.2531276395117607,-0.3201170673125746,-0.20322750760492791,-0.21975714177878425,-0.4142987972725245,-0.32850727440838856,-0.1753899693969625,-0.08659130997913111,-0.038704100619819215,-0.2674884153410052,-0.2474767772606774,-0.21891190216548206,-0.3978729453164642,-0.3513986076465273,-0.3103682473592575,-0.4301213807081006
-0.22972169978352264,-0.06710870068610042,0.010768374911857627,-0.0605656585117334,-0.01105429612314543,-0.0022837749055113674,-0.06793147804902344,-0.1958642343635415,-0.061848873177215546,-0.280203834891686,-0.23047672033127942,-0.14093081269744046,-0.054594181675546416,0.034054223846389675,-0.02006156525004066,-0.04272543484515379,-0.006163715032152961,0.018786522493939195,0.0,-0.1807796016422687,-0.019161352181702895,-0.1710257021492647,-0.05821324241975523,-0.037581269253823546,-0.39445941051080147,-0.23487235666638773,-0.12873537258137402,0.002433845084475972,-0.11564324629802047,-0.10902875511578403,-0.015592820531533803,-0.13296136051644492,-0.012567636920377545,-0.001427255168667152,-0.1744626661836448,-0.15985638202318575,0.06775429682475975,-0.19433903377968553,-0.08302953690345238,0.005223598786455952,0.030869120603460143,-0.2365162010704009,-0.22801886278346628,-0.02351709118153096,-0.1283981375021151,-0.16524152897768896,-0.17043274518390117,-0.15943063378955857,-0.006995551542139128,-0.16456036112286382,-0.016375237716477677,0.021389800819371557,-0.06693887213360994,0.030366638228408634,0.013792016517882318,-0.0027362104558018886,-0.030878617120071054,-0.014440835596829585,-0.21475699103768342,-0.1607594648452924,-0.19184953553900752,-0.17530151543902073,-0.16513424494062756,-0.24143715765146412,-0.3304430875958987,-0.29206721844855466,-0.06914568382269991,-0.26677082321106216,-0.33738242955660763,-0.32156987914621693,-0.3963191669487196,-0.22952474513101506,-0.2508048530490218,-0.0750149636500817,-0.23941401718776456,-0.29212976471977625,-0.26196864969749456,-0.2281829265738713,0.012589861376713501,-0.056301622771760554,-0.33284538952586584,-0.17179773128913514,0.02703324132326393,-0.03641784495402488,-0.024306388129689167,-0.27231841686763203,-0.10727305805762444,-0.10909714169416682,-0.4103322471547649,-0.11046629933505395,-0.051114340998194896,-0.10646748984599733,-0.09135578786244147,0.01428732336619282,-0.1137307093980933,-0.014584983778276071,-0.2278800625528861,-0.20492583654876775,-0.023543784897331728,-0.22468165715434063
